0.00561598
0.0190595
0.0388532
0.0657606
0.10085
0.143372
0.182591
0.227183
0.273201
0.327848
0.388393
0.447909
0.499927
0.552764
0.611533
0.668212
0.727038
0.792394
0.856291
0.923403
0.992758
1.05446
1.11175
1.16354
1.20941
1.25409
1.29298
1.3404
1.38432
1.42289
1.47015
1.51671
1.56145
1.60258
1.63801
1.67021
1.70925
1.74853
1.79648
1.83756
1.8847
1.9385
1.99087
2.0444
2.09866
2.15007
2.19364
2.2444
2.30098
2.3511
2.39886
2.45459
2.50319
2.54957
2.59594
2.65003
2.71123
2.76591
2.82934
2.89966
2.96717
3.02833
3.08512
3.13934
3.19992
3.25968
3.32762
3.4045
3.48037
3.56475
3.64462
3.72511
3.79986
3.87942
3.95216
4.02997
4.10421
4.17327
4.24903
4.32714
4.40198
4.47483
4.54017
4.59994
4.65371
4.70217
4.74755
4.80115
4.85062
4.90527
4.96211
5.02403
5.07767
5.13665
5.19342
5.25511
5.31063
5.36759
5.42168
5.47953
5.54365
5.61323
5.6755
5.74084
5.80915
5.87546
5.95053
6.02283
6.08873
6.16347
6.23097
6.29109
6.34266
6.39888
6.45325
6.51639
6.5863
6.65679
6.73037
6.79809
6.86298
6.93181
7.00073
7.07654
7.1531
7.22458
7.29166
7.36116
7.43246
7.50793
7.58873
7.67109
7.74763
7.82447
7.90235
7.97747
8.05444
8.12269
8.19497
8.26535
8.32779
8.38588
8.45085
8.51642
8.57911
8.63684
8.70181
8.76587
8.83097
8.8982
8.96621
9.04313
9.11485
9.18757
9.25374
9.31993
9.39448
9.47005
9.54309
9.62141
9.70462
9.79587
9.88422
9.97587
10.0661
10.1601
10.2624
10.3617
10.4665
10.5784
10.6899
10.8099
10.9338
11.0555
11.1772
11.3028
11.4329
11.5599
11.679
11.7975
11.9219
12.0383
12.1579
12.2713
12.3769
12.484
12.5883
12.6879
12.7856
12.8776
12.9748
13.0809
13.1926
13.3055
13.4265
13.5428
13.6623
13.7734
13.8787
13.9781
14.0839
14.1897
14.2917
14.3851
14.484
14.5893
14.694
14.7951
14.8941
14.9896
15.0913
15.1942
15.3029
15.4097
15.5208
15.6358
15.7498
15.8711
15.9848
16.1067
16.235
16.3579
16.4893
16.619
16.7461
16.8645
16.983
17.0972
17.212
17.3183
17.4218
17.5257
17.6272
17.7328
17.8398
17.9466
18.0598
18.1718
18.2828
18.3855
18.4971
18.6146
18.7327
18.8427
18.9479
19.0602
19.1788
19.2905
19.394
19.5054
19.614
19.7192
19.8334
19.9539
20.0656
20.1791
20.2916
20.4028
20.5057
20.607
20.7125
20.8162
20.9113
21.0058
21.093
21.18
21.2697
21.3628
21.4485
21.5353
21.6215
21.7029
21.789
21.8794
21.9668
22.0463
22.1187
22.189
22.2517
22.3072
22.3597
22.41
22.4561
22.4994
22.5514
22.6114
22.6783
22.7474
22.8171
22.883
22.9557
23.0241
23.0852
23.1425
23.1943
23.2497
23.3002
23.3484
23.3973
23.4512
23.5049
23.5519
23.607
23.6578
23.7018
23.7525
23.7983
23.8472
23.8882
23.9351
23.9892
24.0353
24.0786
24.1293
24.1796
24.2311
24.2856
24.3426
24.3948
24.4467
24.4983
24.5418
24.5805
24.6255
24.668
24.7167
24.7656
24.8234
24.8888
24.9472
24.9992
25.0481
25.1053
25.1669
25.2335
25.2984
25.3569
25.408
25.46
25.5166
25.5803
25.6359
25.6999
25.7569
25.8138
25.8754
25.9456
26.0114
26.0699
26.1207
26.1785
26.2343
26.2962
26.359
26.4213
26.485
26.5516
26.6229
26.7012
26.7787
26.8607
26.9342
27.0054
27.0848
27.1643
27.2419
27.3215
27.4017
27.48
27.5578
27.6336
27.7103
27.7813
27.8575
27.9417
28.0309
28.1182
28.1991
28.2872
28.3698
28.4519
28.53
28.6008
28.6778
28.7517
28.8336
28.9228
29.0207
29.117
29.2059
29.2954
29.3917
29.495
29.596
29.7007
29.798
29.8871
29.9849
30.0912
30.1894
30.2819
30.3723
30.4712
30.5717
30.6643
30.751
30.8352
30.9267
31.0126
31.1012
31.1823
31.2709
31.3576
31.4492
31.5481
31.6488
31.7561
31.8572
31.9581
32.0575
32.1558
32.2465
32.3372
32.4267
32.5113
32.5973
32.6819
32.7691
32.8574
32.9467
33.0398
33.1371
33.2347
33.3392
33.4362
33.5244
33.6073
33.6971
33.789
33.8803
33.9632
34.0387
34.1149
34.1925
34.2678
34.3351
34.3946
34.4494
34.5084
34.5633
34.6193
34.6773
34.7309
34.7812
34.8234
34.873
34.9264
34.9748
35.0198
35.0655
35.1164
35.1635
35.2167
35.2703
35.3227
35.3686
35.4225
35.4789
35.533
35.5833
35.6256
35.673
35.7138
35.763
35.8071
35.8542
35.8995
35.952
36.0089
36.0692
36.1361
36.2061
36.2788
36.3435
36.4157
36.4893
36.5584
36.6322
36.7066
36.7781
36.8474
36.9203
36.9949
37.0683
37.1347
37.1986
37.2649
37.3227
37.3866
37.448
37.5042
37.5635
37.616
37.6604
37.7073
37.7496
37.7956
37.8435
37.8901
37.9342
37.9862
38.0347
38.0765
38.1119
38.1537
38.2002
38.2404
38.2882
38.337
38.3944
38.4472
38.496
38.548
38.6047
38.6699
38.74
38.804
38.8745
38.9483
39.0171
39.0773
39.1375
39.1927
39.2551
39.3153
39.368
39.4294
39.4857
39.5426
39.5934
39.6485
39.7101
39.7755
39.8421
39.9027
39.9647
40.0306
40.0996
40.1668
40.2304
40.2864
40.3401
40.3851
40.4382
40.4849
40.5377
40.5823
40.6356
40.6812
40.7213
40.7676
40.8072
40.8534
40.8953
40.935
40.9709
41.0141
41.0518
41.0973
41.142
41.1847
41.2292
41.2776
41.3284
41.3841
41.4463
41.5107
41.5758
41.6407
41.6977
41.7625
41.8295
41.8911
41.959
42.0235
42.0922
42.1639
42.2391
42.3115
42.3845
42.4564
42.5282
42.6
42.6765
42.7546
42.8315
42.9155
42.9994
43.0814
43.1598
43.2447
43.3223
43.4015
43.4844
43.5708
43.6633
43.7527
43.8381
43.9203
43.9979
44.0789
44.1531
44.2295
44.3123
44.3937
44.48
44.5691
44.6656
44.7551
44.8365
44.9158
45.0039
45.0933
45.1902
45.2944
45.3964
45.507
45.6126
45.7254
45.8394
45.9605
46.0835
46.2104
46.3425
46.4815
46.62
46.7672
46.9138
47.069
47.2159
47.361
47.5061
47.6494
47.7953
47.9431
48.0988
48.2499
48.4036
48.5651
48.7342
48.9046
49.0839
49.2641
49.4362
49.6063
49.78
49.9501
50.1174
50.2782
50.4302
50.5795
50.7282
50.8701
51.0099
51.1431
51.2731
51.3985
51.5176
51.6401
51.7635
51.8819
51.9986
52.1063
52.2212
52.3296
52.43
52.5355
52.6362
52.7441
52.8576
52.9663
53.0743
53.1785
53.2879
53.3926
53.4912
53.5822
53.6749
53.7588
53.8487
53.947
54.0398
54.1242
54.2109
54.3052
54.398
54.4819
54.5706
54.6598
54.7468
54.8382
54.9207
55.0012
55.0853
55.1668
55.2498
55.333
55.416
55.4994
55.5811
55.6605
55.7454
55.828
55.9076
55.9865
56.0678
56.1458
56.2318
56.3237
56.4224
56.5217
56.6269
56.741
56.8527
56.9686
57.0876
57.2002
57.3218
57.4378
57.5464
57.6487
57.7566
57.8701
57.9765
58.0748
58.1681
58.2692
58.3778
58.486
58.5862
58.6798
58.7724
58.866
58.9546
59.0356
59.1147
59.194
59.2747
59.3543
59.4296
59.4998
59.5778
59.6495
59.7291
59.8091
59.8924
59.9735
60.0546
60.1343
60.2161
60.2906
60.362
60.4339
60.5057
60.5845
60.6591
60.7373
60.8149
60.8968
60.9784
61.0553
61.1338
61.2202
61.2982
61.3749
61.4587
61.5482
61.6336
61.7148
61.8017
61.8955
61.985
62.0831
62.1898
62.2967
62.4108
62.5241
62.6453
62.7716
62.9058
63.0391
63.1645
63.2846
63.4086
63.5272
63.6417
63.7548
63.8645
63.9661
64.0658
64.1663
64.2671
64.3602
64.4485
64.5377
64.6245
64.7063
64.7968
64.883
64.9668
65.057
65.1559
65.2521
65.3474
65.4434
65.5347
65.6176
65.7006
65.7751
65.85
65.9313
66.0077
66.0846
66.1652
66.2548
66.3475
66.4408
66.5347
66.6276
66.7277
66.8233
66.9221
67.0182
67.1071
67.192
67.2756
67.3631
67.4457
67.5272
67.6005
67.6748
67.7547
67.8361
67.9156
67.9947
68.0691
68.1447
68.2194
68.2978
68.3804
68.4654
68.5538
68.6393
68.733
68.8294
68.9325
69.0415
69.1467
69.2539
69.36
69.4673
69.5716
69.6738
69.7791
69.8778
69.9735
70.0749
70.1757
70.2755
70.3705
70.4689
70.5671
70.659
70.747
70.8398
70.929
71.0119
71.0955
71.1821
71.2759
71.369
71.4632
71.5551
71.6481
71.7389
71.8285
71.9233
72.0156
72.1079
72.2022
72.2989
72.3904
72.4813
72.5661
72.6464
72.7193
72.7901
72.8679
72.947
73.0318
73.1143
73.1955
73.2767
73.3639
73.4497
73.5301
73.6061
73.6798
73.7595
73.8446
73.9222
74.0087
74.0874
74.1572
74.2286
74.3077
74.3839
74.4553
74.5188
74.5876
74.6514
74.7151
74.78
74.8387
74.905
74.9749
75.0477
75.1134
75.1749
75.2298
75.2833
75.3314
75.3853
75.4319
75.4722
75.5107
75.5534
75.5951
75.634
75.6805
75.7261
75.7769
75.8241
75.8771
75.9282
75.9836
76.0426
76.1059
76.1636
76.2195
76.2817
76.3474
76.4191
76.4925
76.5716
76.6593
76.7428
76.8341
76.9298
77.021
77.1148
77.209
77.2969
77.3763
77.4623
77.5415
77.6129
77.6874
77.7669
77.8483
77.9227
77.9954
78.0624
78.1252
78.1893
78.2445
78.2943
78.3402
78.3814
78.422
78.4699
78.5264
78.5906
78.6546
78.7135
78.7684
78.8177
78.8655
78.9063
78.954
79
79.0387
79.0862
79.1346
79.1834
79.2405
79.2965
79.3532
79.4178
79.4753
79.5343
79.5994
79.6606
79.7236
79.7948
79.8748
79.9609
80.053
80.152
80.2519
80.3573
80.4547
80.5554
80.6533
80.7553
80.8641
80.9699
81.0814
81.1884
81.2879
81.3884
81.4842
81.5721
81.6569
81.7448
81.8342
81.9196
82.0017
82.0855
82.1613
82.2433
82.3265
82.4106
82.4972
82.5833
82.6614
82.7375
82.8211
82.8984
82.9796
83.0638
83.1417
83.2219
83.2958
83.3755
83.4507
83.5274
83.6121
83.703
83.7936
83.8794
83.9711
84.0653
84.1556
84.2495
84.3433
84.4417
84.5322
84.6194
84.7077
84.7988
84.8869
84.9685
85.048
85.1354
85.2296
85.3168
85.4064
85.4993
85.5949
85.6899
85.7837
85.8812
85.9872
86.0902
86.2008
86.3194
86.4295
86.5389
86.6441
86.7552
86.8578
86.9545
87.0543
87.1608
87.2628
87.3712
87.4866
87.5949
87.7049
87.81
87.9074
87.9992
88.0927
88.1811
88.2722
88.3688
88.4631
88.5611
88.6644
88.7697
88.8774
88.9919
89.1075
89.232
89.3585
89.478
89.5994
89.7156
89.8359
89.9571
90.0839
90.2028
90.3237
90.4532
90.5822
90.7121
90.8429
90.9762
91.1034
91.2286
91.3563
91.4851
91.6223
91.7513
91.8781
91.9977
92.1092
92.2273
92.3463
92.4715
92.592
92.7112
92.8279
92.9382
93.043
93.1436
93.2516
93.3528
93.4585
93.5595
93.6599
93.7546
93.8568
93.9502
94.0509
94.1546
94.2584
94.3642
94.475
94.5771
94.6722
94.7681
94.8638
94.9586
95.0447
95.139
95.2399
95.3476
95.4538
95.5633
95.666
95.7647
95.8703
95.9684
96.069
96.1669
96.2616
96.3518
96.4392
96.5224
96.6078
96.7004
96.7878
96.8757
96.964
97.0557
97.1545
97.2601
97.3637
97.4619
97.5521
97.6381
97.7273
97.8116
97.9033
98.002
98.1039
98.2058
98.3152
98.4185
98.5167
98.6195
98.7254
98.8286
98.9346
99.0374
99.133
99.2197
99.3088
99.3904
99.4699
99.5431
99.6232
99.6982
99.7815
99.873
99.9674
100.062
100.15
100.235
100.318
100.402
100.49
100.586
100.68
100.769
100.86
100.944
101.035
101.126
101.22
101.305
101.382
101.456
101.536
101.621
101.706
101.794
101.885
101.981
102.084
102.185
102.282
102.382
102.482
102.588
102.69
102.793
102.903
103.006
103.114
103.216
103.312
103.408
103.496
103.578
103.657
103.734
103.805
103.882
103.958
104.034
104.103
104.176
104.244
104.321
104.407
104.492
104.575
104.657
104.742
104.817
104.894
104.973
105.045
105.112
105.182
105.246
105.317
105.396
105.476
105.554
105.633
105.708
105.786
105.856
105.922
105.987
106.054
106.125
106.194
106.265
106.328
106.394
106.454
106.514
106.568
106.626
106.679
106.731
106.787
106.844
106.893
106.947
107.006
107.057
107.108
107.154
107.208
107.256
107.312
107.365
107.417
107.464
107.508
107.552
107.597
107.641
107.694
107.747
107.793
107.846
107.896
107.942
107.99
108.031
108.081
108.123
108.171
108.216
108.262
108.3
108.346
108.399
108.458
108.52
108.589
108.655
108.729
108.801
108.871
108.937
108.997
109.059
109.124
109.19
109.248
109.315
109.382
109.441
109.493
109.545
109.597
109.657
109.72
109.791
109.863
109.927
109.995
110.055
110.111
110.162
110.206
110.247
110.293
110.343
110.386
110.426
110.461
110.492
110.522
110.557
110.588
110.625
110.655
110.686
110.717
110.749
110.787
110.823
110.865
110.909
110.947
110.984
111.028
111.066
111.112
111.164
111.224
111.276
111.332
111.396
111.456
111.522
111.587
111.651
111.718
111.791
111.869
111.945
112.029
112.121
112.21
112.292
112.368
112.446
112.523
112.601
112.685
112.773
112.853
112.937
113.014
113.095
113.177
113.257
113.344
113.437
113.526
113.623
113.727
113.824
113.916
114.013
114.111
114.206
114.304
114.405
114.506
114.601
114.704
114.813
114.921
115.023
115.12
115.224
115.323
115.423
115.519
115.608
115.689
115.77
115.851
115.938
116.024
116.102
116.181
116.252
116.315
116.376
116.435
116.501
116.559
116.615
116.663
116.704
116.754
116.808
116.867
116.917
116.97
117.016
117.068
117.114
117.154
117.191
117.23
117.268
117.3
117.331
117.359
117.394
117.424
117.461
117.501
117.541
117.589
117.645
117.71
117.772
117.831
117.889
117.946
117.994
118.047
118.108
118.171
118.227
118.29
118.358
118.42
118.476
118.533
118.593
118.647
118.705
118.757
118.81
118.859
118.917
118.979
119.033
119.088
119.136
119.177
119.214
119.257
119.296
119.344
119.388
119.432
119.47
119.516
119.562
119.604
119.639
119.673
119.712
119.757
119.806
119.852
119.902
119.947
119.995
120.039
120.084
120.137
120.198
120.258
120.312
120.369
120.434
120.496
120.553
120.616
120.672
120.721
120.776
120.835
120.89
120.95
121.013
121.068
121.121
121.165
121.202
121.238
121.27
121.305
121.348
121.399
121.451
121.507
121.56
121.615
121.672
121.727
121.774
121.829
121.876
121.92
121.972
122.031
122.09
122.141
122.185
122.237
122.283
122.324
122.368
122.413
122.46
122.514
122.571
122.626
122.675
122.732
122.798
122.856
122.911
122.962
123.015
123.07
123.117
123.164
123.213
123.271
123.322
123.381
123.435
123.489
123.536
123.59
123.637
123.693
123.743
123.795
123.846
123.905
123.959
124.008
124.055
124.11
124.159
124.203
124.248
124.291
124.33
124.366
124.408
124.454
124.498
124.546
124.595
124.646
124.701
124.756
124.81
124.87
124.933
124.989
125.05
125.105
125.165
125.232
125.302
125.365
125.425
125.491
125.558
125.628
125.694
125.762
125.824
125.884
125.944
126.002
126.059
126.122
126.193
126.27
126.338
126.414
126.495
126.573
126.649
126.734
126.823
126.912
127.006
127.101
127.198
127.298
127.404
127.502
127.603
127.706
127.802
127.889
127.97
128.043
128.108
128.181
128.259
128.343
128.425
128.503
128.578
128.661
128.748
128.834
128.921
129.004
129.082
129.151
129.215
129.287
129.361
129.43
129.508
129.588
129.662
129.742
129.832
129.926
130.017
130.107
130.197
130.29
130.376
130.466
130.549
130.633
130.715
130.8
130.876
130.959
131.05
131.134
131.215
131.294
131.37
131.442
131.519
131.604
131.686
131.776
131.866
131.963
132.053
132.145
132.235
132.325
132.409
132.499
132.591
132.674
132.765
132.85
132.934
133.023
133.11
133.198
133.283
133.368
133.45
133.53
133.616
133.693
133.771
133.842
133.904
133.962
134.024
134.086
134.14
134.185
134.231
134.282
134.337
134.4
134.462
134.524
134.592
134.668
134.74
134.812
134.88
134.939
134.997
135.064
135.13
135.199
135.27
135.333
135.402
135.465
135.525
135.594
135.667
135.74
135.814
135.884
135.961
136.041
136.112
136.191
136.271
136.348
136.422
136.503
136.578
136.65
136.726
136.81
136.895
136.985
137.08
137.183
137.288
137.384
137.475
137.567
137.664
137.752
137.843
137.93
138.015
138.109
138.2
138.283
138.362
138.439
138.516
138.585
138.662
138.741
138.829
138.916
139.002
139.089
139.168
139.256
139.351
139.45
139.546
139.642
139.738
139.841
139.94
140.046
140.148
140.253
140.366
140.478
140.59
140.696
140.794
140.901
141.002
141.111
141.228
141.339
141.444
141.544
141.65
141.766
141.884
141.999
142.11
142.218
142.32
142.428
142.537
142.644
142.749
142.86
142.973
143.09
143.206
143.317
143.433
143.555
143.683
143.807
143.927
144.047
144.164
144.272
144.373
144.467
144.561
144.656
144.748
144.836
144.928
145.025
145.129
145.226
145.328
145.431
145.539
145.654
145.761
145.876
145.995
146.113
146.223
146.339
146.461
146.584
146.7
146.814
146.93
147.038
147.154
147.279
147.404
147.523
147.639
147.756
147.873
147.991
148.112
148.239
148.367
148.502
148.642
148.775
148.912
149.043
149.179
149.309
149.448
149.588
149.73
149.877
150.02
150.156
150.287
150.421
150.546
150.678
150.807
150.941
151.075
151.209
151.34
151.477
151.621
151.759
151.903
152.052
152.203
152.349
152.49
152.631
152.777
152.927
153.069
153.213
153.351
153.495
153.636
153.778
153.917
154.06
154.196
154.336
154.476
154.623
154.767
154.905
155.034
155.166
155.307
155.44
155.58
155.718
155.851
155.982
156.105
156.234
156.354
156.467
156.58
156.698
156.816
156.942
157.073
157.2
157.326
157.458
157.598
157.74
157.89
158.046
158.205
158.367
158.528
158.696
158.86
159.02
159.172
159.32
159.468
159.62
159.778
159.944
160.101
160.25
160.391
160.529
160.674
160.819
160.967
161.11
161.257
161.406
161.55
161.7
161.849
161.991
162.132
162.277
162.424
162.579
162.727
162.867
163.004
163.149
163.29
163.431
163.57
163.718
163.868
164.014
164.16
164.298
164.432
164.557
164.687
164.81
164.927
165.042
165.15
165.248
165.346
165.436
165.534
165.638
165.749
165.868
165.985
166.097
166.206
166.311
166.424
166.532
166.639
166.747
166.859
166.969
167.078
167.187
167.297
167.413
167.524
167.632
167.743
167.861
167.978
168.1
168.23
168.353
168.467
168.589
168.713
168.831
168.95
169.071
169.191
169.31
169.425
169.541
169.649
169.749
169.844
169.936
170.022
170.11
170.195
170.289
170.38
170.464
170.541
170.624
170.705
170.789
170.879
170.96
171.033
171.107
171.175
171.238
171.308
171.378
171.44
171.509
171.579
171.654
171.732
171.801
171.868
171.93
171.996
172.058
172.113
172.159
172.204
172.253
172.298
172.342
172.38
172.428
172.473
172.518
172.572
172.625
172.678
172.739
172.803
172.87
172.944
173.01
173.079
173.15
173.22
173.281
173.335
173.392
173.447
173.508
173.568
173.621
173.671
173.718
173.772
173.82
173.874
173.929
173.979
174.027
174.078
174.133
174.189
174.248
174.313
174.371
174.423
174.471
174.521
174.566
174.614
174.661
174.717
174.771
174.819
174.861
174.913
174.968
175.032
175.1
175.174
175.252
175.327
175.409
175.483
175.554
175.627
175.697
175.77
175.834
175.894
175.955
176.009
176.064
176.122
176.181
176.247
176.322
176.406
176.485
176.556
176.62
176.675
176.731
176.782
176.833
176.878
176.924
176.974
177.033
177.096
177.161
177.223
177.29
177.35
177.407
177.457
177.5
177.54
177.583
177.632
177.677
177.72
177.757
177.797
177.834
177.876
177.924
177.966
178.009
178.055
178.106
178.151
178.204
178.266
178.326
178.393
178.452
178.518
178.578
178.639
178.702
178.773
178.841
178.904
178.972
179.046
179.128
179.212
179.288
179.358
179.435
179.511
179.591
179.667
179.745
179.822
179.893
179.957
180.019
180.086
180.156
180.22
180.288
180.36
180.422
180.491
180.551
180.616
180.69
180.767
180.836
180.899
180.962
181.027
181.095
181.157
181.223
181.295
181.361
181.423
181.476
181.538
181.599
181.659
181.723
181.794
181.865
181.944
182.03
182.124
182.225
182.321
182.414
182.512
182.602
182.701
182.792
182.882
182.973
183.065
183.163
183.262
183.363
183.464
183.567
183.663
183.756
183.855
183.955
184.058
184.166
184.273
184.377
184.489
184.596
184.701
184.801
184.9
184.998
185.096
185.187
185.28
185.364
185.449
185.542
185.632
185.719
185.797
185.883
185.963
186.05
186.131
186.203
186.281
186.365
186.449
186.527
186.614
186.697
186.777
186.859
186.935
187.008
187.088
187.177
187.268
187.363
187.451
187.536
187.627
187.72
187.821
187.924
188.024
188.119
188.213
188.3
188.38
188.463
188.55
188.632
188.705
188.782
188.858
188.929
189.001
189.071
189.145
189.215
189.291
189.365
189.447
189.532
189.62
189.703
189.782
189.857
189.938
190.02
190.107
190.187
190.264
190.345
190.422
190.491
190.552
190.615
190.672
190.734
190.799
190.857
190.924
190.991
191.065
191.14
191.213
191.289
191.371
191.451
191.524
191.596
191.676
191.76
191.852
191.948
192.046
192.144
192.239
192.334
192.429
192.515
192.601
192.689
192.77
192.843
192.914
192.985
193.052
193.11
193.166
193.226
193.284
193.332
193.389
193.45
193.504
193.561
193.624
193.68
193.738
193.789
193.842
193.9
193.956
194.004
194.055
194.113
194.175
194.233
194.289
194.342
194.391
194.438
194.485
194.535
194.591
194.642
194.7
194.758
194.818
194.885
194.961
195.03
195.106
195.185
195.267
195.342
195.42
195.5
195.58
195.663
195.746
195.833
195.912
195.987
196.069
196.159
196.246
196.334
196.42
196.498
196.574
196.645
196.725
196.809
196.901
196.993
197.079
197.165
197.254
197.348
197.436
197.518
197.597
197.683
197.76
197.832
197.904
197.974
198.042
198.114
198.189
198.257
198.319
198.385
198.451
198.513
198.575
198.638
198.695
198.759
198.823
198.879
198.935
198.984
199.036
199.08
199.123
199.174
199.219
199.26
199.303
199.355
199.406
199.455
199.499
199.545
199.599
199.647
199.699
199.742
199.79
199.842
199.896
199.956
200.015
200.068
200.12
200.179
200.23
200.281
200.331
200.382
200.436
200.486
200.533
200.576
200.618
200.657
200.705
200.747
200.792
200.844
200.897
200.957
201.017
201.081
201.137
201.184
201.239
201.298
201.361
201.432
201.498
201.571
201.645
201.727
201.816
201.898
201.98
202.057
202.138
202.224
202.312
202.404
202.504
202.599
202.699
202.804
202.909
203.02
203.136
203.248
203.358
203.47
203.584
203.694
203.811
203.932
204.045
204.151
204.256
204.369
204.476
204.577
204.682
204.786
204.896
205.001
205.106
205.213
205.312
205.407
205.505
205.599
205.695
205.781
205.862
205.944
206.026
206.114
206.205
206.305
206.406
206.509
206.609
206.716
206.819
206.919
207.011
207.096
207.185
207.272
207.364
207.464
207.569
207.67
207.768
207.874
207.983
208.093
208.204
208.32
208.444
208.566
208.682
208.795
208.901
209.014
209.128
209.234
209.342
209.443
209.538
209.629
209.717
209.799
209.879
209.966
210.054
210.146
210.24
210.341
210.438
210.543
210.653
210.765
210.874
210.981
211.094
211.205
211.32
211.43
211.546
211.666
211.788
211.915
212.044
212.174
212.298
212.424
212.547
212.666
212.786
212.904
213.015
213.135
213.263
213.388
213.509
213.626
213.735
213.843
213.956
214.076
214.196
214.309
214.414
214.525
214.641
214.763
214.876
214.985
215.101
215.224
215.349
215.477
215.608
215.737
215.865
215.984
216.105
216.229
216.352
216.481
216.605
216.723
216.834
216.94
217.054
217.16
217.269
217.379
217.483
217.579
217.669
217.764
217.86
217.965
218.065
218.158
218.253
218.35
218.439
218.533
218.618
218.707
218.804
218.902
219.002
219.098
219.2
219.31
219.412
219.52
219.631
219.747
219.861
219.979
220.093
220.213
220.338
220.46
220.58
220.696
220.81
220.925
221.044
221.156
221.276
221.405
221.539
221.671
221.807
221.941
222.074
222.214
222.346
222.48
222.613
222.739
222.857
222.978
223.105
223.228
223.354
223.485
223.613
223.746
223.879
224.019
224.159
224.303
224.451
224.599
224.756
224.91
225.069
225.222
225.371
225.522
225.665
225.799
225.927
226.056
226.192
226.337
226.485
226.628
226.771
226.913
227.056
227.207
227.364
227.513
227.665
227.815
227.968
228.115
228.264
228.417
228.566
228.711
228.862
229.016
229.167
229.315
229.458
229.6
229.743
229.879
230.021
230.167
230.308
230.44
230.574
230.702
230.821
230.946
231.078
231.209
231.343
231.471
231.603
231.742
231.883
232.026
232.176
232.335
232.5
232.67
232.841
233.007
233.172
233.333
233.489
233.651
233.805
233.962
234.116
234.267
234.412
234.562
234.711
234.864
235.022
235.173
235.326
235.485
235.64
235.792
235.953
236.117
236.281
236.442
236.6
236.749
236.901
237.054
237.209
237.372
237.527
237.688
237.852
238.026
238.199
238.381
238.559
238.742
238.919
239.102
239.28
239.465
239.64
239.811
239.987
240.159
240.337
240.51
240.688
240.872
241.055
241.236
241.416
241.594
241.771
241.941
242.113
242.278
242.45
242.621
242.79
242.965
243.142
243.321
243.504
243.686
243.868
244.048
244.22
244.386
244.56
244.73
244.902
245.066
245.237
245.409
245.584
245.751
245.924
246.098
246.266
246.431
246.603
246.784
246.962
247.135
247.302
247.478
247.646
247.817
247.98
248.152
248.316
248.484
248.661
248.84
249.016
249.197
249.371
249.543
249.71
249.872
250.043
250.217
250.395
250.566
250.736
250.906
251.08
251.262
251.438
251.607
251.774
251.935
252.094
252.257
252.414
252.575
252.743
252.911
253.084
253.266
253.445
253.629
253.806
253.983
254.152
254.318
254.482
254.642
254.805
254.967
255.137
255.313
255.494
255.67
255.848
256.027
256.207
256.379
256.559
256.738
256.916
257.088
257.264
257.447
257.628
257.804
257.974
258.145
258.308
258.475
258.645
258.811
258.968
259.119
259.267
259.422
259.574
259.718
259.87
260.03
260.195
260.366
260.538
260.718
260.892
261.069
261.25
261.423
261.598
261.779
261.96
262.134
262.306
262.473
262.636
262.792
262.942
263.085
263.227
263.364
263.501
263.646
263.791
263.941
264.097
264.26
264.426
264.588
264.741
264.9
265.064
265.224
265.381
265.537
265.699
265.857
266.011
266.156
266.3
266.434
266.569
266.71
266.847
266.989
267.131
267.279
267.434
267.581
267.722
267.861
267.992
268.13
268.263
268.393
268.525
268.663
268.806
268.942
269.072
269.208
269.339
269.464
269.582
269.697
269.815
269.929
270.05
270.17
270.293
270.424
270.545
270.663
270.779
270.9
271.013
271.128
271.236
271.345
271.454
271.571
271.683
271.804
271.917
272.036
272.164
272.285
272.398
272.518
272.632
272.749
272.871
272.993
273.122
273.248
273.378
273.514
273.654
273.796
273.936
274.084
274.224
274.359
274.498
274.634
274.771
274.912
275.045
275.179
275.318
275.464
275.613
275.77
275.923
276.082
276.245
276.414
276.591
276.772
276.947
277.122
277.301
277.484
277.659
277.826
277.99
278.151
278.319
278.495
278.68
278.859
279.046
279.233
279.412
279.59
279.768
279.949
280.129
280.314
280.491
280.66
280.823
280.993
281.165
281.343
281.512
281.673
281.831
281.992
282.147
282.307
282.47
282.641
282.817
282.987
283.154
283.33
283.513
283.696
283.871
284.046
284.229
284.404
284.571
284.748
284.931
285.105
285.286
285.465
285.648
285.826
286.002
286.168
286.332
286.491
286.655
286.825
287.003
287.179
287.347
287.515
287.679
287.84
288.001
288.17
288.334
288.494
288.651
288.802
288.96
289.125
289.294
289.466
289.646
289.824
290.007
290.191
290.369
290.554
290.732
290.917
291.094
291.273
291.45
291.622
291.788
291.96
292.138
292.321
292.5
292.681
292.855
293.02
293.176
293.327
293.469
293.602
293.738
293.867
294.004
294.146
294.29
294.437
294.576
294.714
294.845
294.974
295.108
295.237
295.362
295.495
295.622
295.75
295.876
296.007
296.129
296.258
296.393
296.523
296.653
296.773
296.894
297.015
297.135
297.262
297.396
297.539
297.681
297.83
297.972
298.115
298.265
298.408
298.552
298.693
298.828
298.954
299.074
299.185
299.295
299.402
299.5
299.606
299.712
299.819
299.934
300.039
300.141
300.251
300.361
300.464
300.566
300.671
300.777
300.88
300.991
301.105
301.219
301.332
301.438
301.542
301.651
301.753
301.862
301.976
302.085
302.187
302.284
302.387
302.485
302.577
302.675
302.773
302.865
302.964
303.066
303.174
303.274
303.372
303.467
303.553
303.634
303.72
303.797
303.878
303.961
304.04
304.117
304.198
304.272
304.347
304.431
304.517
304.596
304.673
304.758
304.847
304.933
305.014
305.103
305.199
305.299
305.394
305.487
305.574
305.654
305.729
305.809
305.894
305.983
306.067
306.156
306.244
306.334
306.421
306.501
306.588
306.678
306.764
306.847
306.928
307.014
307.106
307.196
307.289
307.381
307.476
307.58
307.69
307.8
307.902
307.997
308.099
308.203
308.311
308.428
308.546
308.662
308.781
308.909
309.039
309.176
309.306
309.445
309.581
309.709
309.844
309.975
310.097
310.219
310.333
310.447
310.569
310.692
310.819
310.939
311.065
311.191
311.318
311.447
311.568
311.691
311.805
311.928
312.046
312.166
312.276
312.393
312.512
312.622
312.727
312.837
312.953
313.063
313.165
313.271
313.375
313.487
313.6
313.705
313.809
313.91
314.02
314.133
314.246
314.36
314.479
314.592
314.704
314.816
314.934
315.049
315.155
315.254
315.351
315.454
315.553
315.653
315.76
315.867
315.978
316.098
316.224
316.343
316.47
316.6
316.722
316.848
316.967
317.093
317.212
317.323
317.427
317.534
317.643
317.754
317.865
317.985
318.104
318.219
318.328
318.434
318.539
318.649
318.753
318.861
318.96
319.054
319.142
319.238
319.331
319.432
319.531
319.624
319.723
319.824
319.934
320.043
320.161
320.278
320.398
320.516
320.643
320.773
320.91
321.051
321.189
321.33
321.477
321.623
321.761
321.894
322.033
322.163
322.295
322.421
322.542
322.667
322.792
322.91
323.036
323.162
323.288
323.413
323.531
323.652
323.769
323.89
324.009
324.127
324.242
324.35
324.456
324.566
324.684
324.797
324.913
325.02
325.121
325.229
325.333
325.439
325.539
325.635
325.731
325.819
325.909
326.005
326.1
326.197
326.288
326.375
326.461
326.549
326.633
326.717
326.805
326.9
326.989
327.076
327.163
327.243
327.33
327.416
327.495
327.575
327.663
327.747
327.836
327.917
327.999
328.088
328.17
328.246
328.329
328.41
328.493
328.57
328.642
328.709
328.776
328.85
328.916
328.981
329.044
329.099
329.156
329.215
329.279
329.344
329.413
329.49
329.562
329.643
329.718
329.791
329.868
329.949
330.038
330.128
330.222
330.322
330.414
330.507
330.608
330.718
330.836
330.95
331.066
331.188
331.308
331.435
331.57
331.711
331.854
331.988
332.131
332.279
332.425
332.574
332.722
332.872
333.015
333.152
333.284
333.416
333.544
333.669
333.8
333.935
334.069
334.198
334.332
334.459
334.58
334.693
334.806
334.91
335.019
335.131
335.245
335.363
335.488
335.617
335.747
335.874
335.998
336.115
336.233
336.359
336.489
336.618
336.741
336.869
336.995
337.128
337.264
337.404
337.54
337.682
337.828
337.981
338.127
338.265
338.409
338.544
338.686
338.833
338.983
339.139
339.297
339.455
339.618
339.777
339.935
340.097
340.251
340.412
340.569
340.723
340.88
341.044
341.211
341.378
341.55
341.717
341.884
342.047
342.207
342.374
342.54
342.699
342.865
343.026
343.19
343.353
343.515
343.68
343.846
344.012
344.179
344.354
344.524
344.699
344.872
345.043
345.21
345.369
345.524
345.681
345.839
345.994
346.141
346.295
346.453
346.618
346.785
346.949
347.107
347.262
347.421
347.579
347.735
347.884
348.026
348.172
348.325
348.48
348.636
348.797
348.949
349.1
349.253
349.409
349.572
349.727
349.889
350.057
350.227
350.399
350.565
350.723
350.884
351.036
351.196
351.351
351.501
351.643
351.788
351.935
352.077
352.211
352.349
352.492
352.639
352.783
352.92
353.057
353.199
353.348
353.489
353.632
353.769
353.91
354.05
354.198
354.34
354.488
354.631
354.771
354.91
355.049
355.181
355.312
355.437
355.568
355.693
355.818
355.949
356.077
356.199
356.324
356.446
356.566
356.68
356.798
356.92
357.036
357.154
357.27
357.386
357.497
357.603
357.702
357.804
357.902
358.001
358.1
358.195
358.291
358.379
358.461
358.547
358.625
358.698
358.769
358.833
358.902
358.975
359.045
359.108
359.169
359.234
359.298
359.367
359.429
359.487
359.54
359.587
359.643
359.706
359.765
359.822
359.874
359.929
359.988
360.048
360.102
360.151
360.21
360.261
360.309
360.365
360.422
360.483
360.54
360.595
360.656
360.723
360.799
360.867
360.931
360.988
361.037
361.083
361.131
361.187
361.242
361.295
361.346
361.392
361.441
361.497
361.549
361.594
361.643
361.699
361.763
361.818
361.866
361.919
361.967
362.008
362.051
362.094
362.141
362.197
362.259
362.318
362.377
362.436
362.503
362.569
362.637
362.704
362.768
362.839
362.906
362.977
363.054
363.139
363.228
363.318
363.415
363.515
363.609
363.698
363.793
363.89
363.991
364.099
364.215
364.339
364.472
364.606
364.743
364.876
365.002
365.123
365.237
365.359
365.479
365.6
365.712
365.821
365.92
366.027
366.136
366.251
366.37
366.489
366.614
366.732
366.854
366.97
367.088
367.205
367.317
367.435
367.545
367.649
367.758
367.864
367.972
368.082
368.2
368.311
368.424
368.534
368.65
368.772
368.887
369.008
369.131
369.254
369.379
369.509
369.631
369.752
369.88
370.015
370.148
370.276
370.401
370.516
370.628
370.749
370.874
370.999
371.116
371.233
371.348
371.462
371.584
371.701
371.808
371.918
372.021
372.131
372.237
372.352
372.471
372.588
372.709
372.829
372.955
373.087
373.226
373.361
373.5
373.646
373.795
373.952
374.107
374.262
374.419
374.574
374.736
374.904
375.077
375.249
375.412
375.569
375.721
375.866
376.003
376.142
376.277
376.419
376.556
376.688
376.811
376.929
377.047
377.157
377.274
377.394
377.517
377.635
377.752
377.876
378.006
378.135
378.257
378.381
378.507
378.631
378.747
378.866
378.991
379.115
379.236
379.362
379.491
379.623
379.758
379.884
380.018
380.155
380.297
380.441
380.591
380.751
380.914
381.075
381.23
381.389
381.556
381.717
381.871
382.028
382.179
382.333
382.483
382.636
382.781
382.933
383.079
383.229
383.373
383.512
383.648
383.782
383.919
384.048
384.173
384.307
384.44
384.57
384.693
384.82
384.939
385.056
385.169
385.281
385.385
385.499
385.621
385.735
385.843
385.945
386.051
386.155
386.262
386.364
386.473
386.577
386.679
386.781
386.892
386.997
387.102
387.207
387.316
387.431
387.546
387.663
387.777
387.887
387.988
388.093
388.195
388.303
388.408
388.515
388.624
388.728
388.825
388.919
389.017
389.123
389.233
389.349
389.456
389.56
389.659
389.767
389.868
389.963
390.064
390.163
390.266
390.363
390.453
390.548
390.643
390.733
390.822
390.913
391.004
391.1
391.203
391.312
391.417
391.516
391.606
391.689
391.77
391.859
391.946
392.036
392.134
392.24
392.345
392.448
392.547
392.645
392.742
392.832
392.924
393.019
393.115
393.209
393.306
393.409
393.515
393.625
393.736
393.844
393.957
394.063
394.161
394.268
394.372
394.484
394.588
394.699
394.811
394.917
395.017
395.125
395.231
395.338
395.442
395.539
395.642
395.736
395.826
395.922
396.021
396.117
396.209
396.301
396.391
396.49
396.581
396.668
396.746
396.819
396.886
396.95
397.02
397.09
397.15
397.209
397.267
397.321
397.377
397.43
397.481
397.523
397.564
397.613
397.654
397.689
397.721
397.759
397.805
397.847
397.895
397.936
397.972
398.008
398.051
398.096
398.148
398.2
398.249
398.306
398.359
398.42
398.489
398.549
398.605
398.667
398.725
398.775
398.827
398.878
398.927
398.97
399.017
399.059
399.101
399.146
399.198
399.26
399.33
399.401
399.479
399.563
399.655
399.744
399.831
399.916
399.997
400.073
400.149
400.228
400.301
400.369
400.442
400.511
400.584
400.657
400.729
400.796
400.864
400.935
400.999
401.057
401.11
401.161
401.21
401.265
401.326
401.389
401.461
401.54
401.625
401.708
401.791
401.866
401.943
402.023
402.102
402.179
402.253
402.319
402.386
402.449
402.506
402.569
402.635
402.695
402.756
402.816
402.875
402.939
403.008
403.085
403.155
403.225
403.287
403.346
403.4
403.457
403.505
403.548
403.596
403.648
403.701
403.761
403.817
403.867
403.917
403.969
404.024
404.077
404.138
404.194
404.255
404.308
404.358
404.416
404.48
404.551
404.624
404.703
404.79
404.885
404.983
405.078
405.169
405.258
405.343
405.422
405.503
405.577
405.651
405.718
405.784
405.846
405.907
405.969
406.029
406.087
406.148
406.203
406.267
406.332
406.397
406.469
406.542
406.618
406.691
406.761
406.824
406.891
406.961
407.025
407.094
407.154
407.22
407.284
407.346
407.402
407.464
407.535
407.603
407.664
407.732
407.806
407.888
407.978
408.072
408.158
408.251
408.352
408.455
408.555
408.655
408.76
408.861
408.97
409.087
409.207
409.328
409.443
409.556
409.674
409.798
409.925
410.049
410.178
410.315
410.451
410.596
410.733
410.867
410.996
411.128
411.266
411.398
411.535
411.672
411.813
411.947
412.08
412.218
412.364
412.517
412.676
412.834
412.997
413.152
413.304
413.449
413.597
413.754
413.917
414.078
414.229
414.387
414.55
414.704
414.856
415.004
415.158
415.315
415.477
415.631
415.793
415.955
416.123
416.291
416.465
416.647
416.826
416.997
417.164
417.332
417.494
417.66
417.832
418.005
418.17
418.341
418.505
418.666
418.822
418.978
419.137
419.291
419.447
419.6
419.752
419.902
420.049
420.198
420.339
420.473
420.603
420.733
420.857
420.986
421.114
421.243
421.362
421.489
421.613
421.742
421.863
421.987
422.113
422.238
422.36
422.489
422.622
422.759
422.899
423.04
423.18
423.323
423.473
423.625
423.775
423.926
424.072
424.209
424.355
424.506
424.65
424.788
424.935
425.087
425.237
425.391
425.553
425.705
425.864
426.024
426.179
426.327
426.478
426.632
426.792
426.949
427.106
427.271
427.442
427.607
427.763
427.92
428.079
428.243
428.416
428.586
428.754
428.926
429.105
429.282
429.456
429.635
429.819
429.999
430.178
430.365
430.546
430.721
430.903
431.085
431.267
431.441
431.619
431.8
431.974
432.143
432.304
432.459
432.623
432.791
432.959
433.119
433.28
433.449
433.625
433.799
433.97
434.135
434.305
434.471
434.643
434.821
435.002
435.182
435.355
435.523
435.7
435.878
436.053
436.228
436.401
436.577
436.753
436.922
437.082
437.243
437.405
437.566
437.734
437.903
438.076
438.249
438.423
438.597
438.763
438.932
439.094
439.257
439.419
439.589
439.759
439.925
440.086
440.251
440.423
440.587
440.757
440.928
441.097
441.263
441.438
441.608
441.782
441.963
442.139
442.31
442.488
442.666
442.842
443.022
443.209
443.395
443.579
443.755
443.926
444.091
444.253
444.415
444.579
444.74
444.893
445.04
445.191
445.339
445.495
445.644
445.796
445.944
446.091
446.237
446.374
446.506
446.644
446.783
446.913
447.043
447.175
447.305
447.436
447.56
447.689
447.81
447.926
448.047
448.172
448.291
448.409
448.534
448.666
448.794
448.918
449.047
449.17
449.299
449.437
449.572
449.7
449.837
449.974
450.119
450.269
450.415
450.567
450.72
450.879
451.038
451.202
451.374
451.541
451.715
451.883
452.046
452.202
452.363
452.525
452.68
452.837
452.999
453.166
453.332
453.505
453.672
453.842
454.015
454.192
454.375
454.548
454.719
454.89
455.066
455.238
455.412
455.583
455.76
455.932
456.109
456.285
456.469
456.65
456.825
457.002
457.171
457.334
457.495
457.653
457.806
457.951
458.095
458.236
458.379
458.524
458.673
458.82
458.97
459.116
459.269
459.419
459.569
459.711
459.849
459.994
460.143
460.298
460.461
460.627
460.794
460.957
461.127
461.295
461.464
461.625
461.784
461.941
462.102
462.265
462.437
462.604
462.765
462.93
463.104
463.281
463.459
463.642
463.818
463.993
464.173
464.352
464.527
464.702
464.871
465.039
465.216
465.389
465.561
465.727
465.899
466.068
466.243
466.414
466.581
466.754
466.935
467.11
467.282
467.464
467.645
467.82
467.987
468.157
468.336
468.517
468.69
468.861
469.033
469.211
469.391
469.564
469.73
469.897
470.068
470.248
470.428
470.603
470.776
470.954
471.124
471.3
471.474
471.654
471.829
472.001
472.169
472.338
472.51
472.673
472.828
472.986
473.146
473.309
473.471
473.637
473.803
473.977
474.145
474.306
474.462
474.625
474.791
474.95
475.117
475.282
475.44
475.607
475.777
475.946
476.111
476.272
476.434
476.595
476.763
476.927
477.096
477.27
477.446
477.623
477.799
477.969
478.138
478.316
478.499
478.676
478.857
479.038
479.218
479.394
479.57
479.751
479.931
480.118
480.301
480.481
480.658
480.829
481.002
481.178
481.357
481.544
481.724
481.902
482.073
482.244
482.412
482.588
482.755
482.918
483.074
483.231
483.383
483.536
483.696
483.847
483.994
484.135
484.27
484.401
484.537
484.669
484.8
484.936
485.078
485.212
485.341
485.472
485.608
485.747
485.884
486.022
486.159
486.287
486.411
486.539
486.67
486.806
486.941
487.084
487.23
487.379
487.529
487.678
487.831
487.979
488.127
488.272
488.421
488.562
488.707
488.852
488.988
489.127
489.262
489.39
489.523
489.649
489.78
489.919
490.057
490.201
490.344
490.481
490.614
490.752
490.898
491.036
491.17
491.306
491.446
491.582
491.72
491.855
491.997
492.144
492.292
492.442
492.599
492.758
492.922
493.081
493.238
493.397
493.562
493.72
493.873
494.03
494.184
494.334
494.483
494.639
494.804
494.968
495.132
495.303
495.472
495.636
495.794
495.947
496.102
496.256
496.413
496.563
496.718
496.871
497.025
497.179
497.342
497.513
497.691
497.861
498.035
498.217
498.395
498.583
498.767
498.947
499.125
499.312
499.493
499.672
499.851
500.031
