0
0
0
0
0
0
0
0
0
0
0
0
0
0
0
0
0
0
0
0
0
0
0
0
0
0
0
0
0
0
0
0
0
0
0
0
0
0
0
0
0
0
0
0
0
0
0
0
0
0
0
0
0
0
0
0
0
0
0
0
0
0
0
0
0
0
0
0
0
0
0
0
0
0
0
0
0
0
0
0
0
0
0
0
0
0
0
0
0
0
0
0
0
0
0
0
0
0
0
0
0
0
0
0
0
0
0
0
0
0
0
0
0
0
0
0
0
0
0
0
0
0
0
0
0
0
0
0
0
0
0
0
0
0
0
0
0
0
0
0
0
0
0
0
0
0
0
0
0
0
0
0
0
0
0
0
0
0
0
0
0
0
0
0
0
0
0
0
0
0
0
0
0
0
0
0
0
0
0
0
0
0
0
0
0
0
0
0
0
0
0
0
0
0
0
0
0
0
0
0
0
0
0
0
0
0
0
0
0
0
0
0.00577472
0.0115494
0.0173242
0.0230989
0.0288736
0.0346483
0.040423
0.0461977
0.0519725
0.0577472
0.0635219
0.0692966
0.0750713
0.080846
0.0866208
0.0923955
0.0981702
0.103945
0.10972
0.115494
0.121269
0.127044
0.132818
0.138593
0.144368
0.150143
0.155917
0.161692
0.167467
0.173242
0.179016
0.184791
0.190566
0.19634
0.202115
0.20789
0.213665
0.219439
0.225214
0.230989
0.236763
0.242538
0.248313
0.254088
0.259862
0.265637
0.271412
0.277186
0.282961
0.288736
0.294511
0.300285
0.30606
0.311835
0.317609
0.323384
0.329159
0.334934
0.340708
0.346483
0.352258
0.358032
0.363807
0.369582
0.375357
0.381131
0.386906
0.392681
0.398455
0.40423
0.410005
0.41578
0.421554
0.427329
0.433104
0.438879
0.444653
0.450428
0.456203
0.461977
0.467752
0.473527
0.479302
0.485076
0.490851
0.496626
0.5024
0.508175
0.51395
0.519725
0.525499
0.531274
0.537049
0.542823
0.548598
0.554373
0.560148
0.565922
0.571697
0.577472
0.583246
0.589021
0.594796
0.600571
0.606345
0.61212
0.617895
0.623669
0.629444
0.635219
0.640994
0.646768
0.652543
0.658318
0.664092
0.669867
0.675642
0.681417
0.687191
0.692966
0.698741
0.704516
0.71029
0.716065
0.72184
0.727614
0.733389
0.739164
0.744939
0.750713
0.756488
0.762263
0.768037
0.773812
0.779587
0.785362
0.791136
0.796911
0.802686
0.80846
0.814235
0.82001
0.825785
0.831559
0.837334
0.843109
0.848883
0.854658
0.860433
0.866208
0.871982
0.877757
0.883532
0.889306
0.895081
0.900856
0.906631
0.912405
0.91818
0.923955
0.929729
0.935504
0.941279
0.947054
0.952828
0.958603
0.964378
0.970153
0.975927
0.981702
0.987477
0.993251
0.999026
1.0048
1.01058
1.01635
1.02212
1.0279
1.03367
1.03945
1.04522
1.051
1.05677
1.06255
1.06832
1.0741
1.07987
1.08565
1.09142
1.0972
1.10297
1.10875
1.11452
1.1203
1.12607
1.13184
1.13762
1.14339
1.14917
1.15494
1.16072
1.16649
1.17227
1.17804
1.18382
1.18959
1.19537
1.20114
1.20692
1.21269
1.21847
1.22424
1.23001
1.23579
1.24156
1.24734
1.25311
1.25889
1.26466
1.27044
1.27621
1.28199
1.28776
1.29354
1.29931
1.30509
1.31086
1.31664
1.32241
1.32818
1.33396
1.33973
1.34551
1.35128
1.35706
1.36283
1.36861
1.37438
1.38016
1.38593
1.39171
1.39748
1.40326
1.40903
1.41481
1.42058
1.42636
1.43213
1.4379
1.44368
1.44945
1.45523
1.461
1.46678
1.47255
1.47833
1.4841
1.48988
1.49565
1.50143
1.5072
1.51298
1.51875
1.52453
1.5303
1.53607
1.54185
1.54762
1.5534
1.55917
1.56495
1.57072
1.5765
1.58227
1.58805
1.59382
1.5996
1.60537
1.61115
1.61692
1.6227
1.62847
1.63425
1.64002
1.64579
1.65157
1.65734
1.66312
1.66889
1.67467
1.68044
1.68622
1.69199
1.69777
1.70354
1.70932
1.71509
1.72087
1.72664
1.73242
1.73819
1.73224
1.72628
1.72033
1.71437
1.70842
1.70246
1.69651
1.69056
1.6846
1.67865
1.67269
1.66674
1.66078
1.65483
1.64888
1.64292
1.63697
1.63101
1.62506
1.6191
1.61315
1.6072
1.60124
1.59529
1.58933
1.58338
1.57742
1.57147
1.56552
1.55956
1.55361
1.54765
1.5417
1.53574
1.52979
1.52384
1.51788
1.51193
1.50597
1.50002
1.49406
1.48811
1.48216
1.4762
1.47025
1.46429
1.45834
1.45238
1.44643
1.44048
1.43452
1.42857
1.42261
1.41666
1.4107
1.40475
1.3988
1.39284
1.38689
1.38093
1.37498
1.36902
1.36307
1.35712
1.35116
1.34521
1.33925
1.3333
1.32734
1.32139
1.31544
1.30948
1.30353
1.29757
1.29162
1.28566
1.27971
1.27376
1.2678
1.26185
1.25589
1.24994
1.24398
1.23803
1.23208
1.22612
1.22017
1.21421
1.20826
1.2023
1.19635
1.1904
1.18444
1.17849
1.17253
1.16658
1.16062
1.15467
1.14872
1.14276
1.13681
1.13085
1.1249
1.11894
1.11299
1.10704
1.10108
1.09513
1.08917
1.08322
1.07726
1.07131
1.06536
1.0594
1.05345
1.04749
1.04154
1.03558
1.02963
1.02368
1.01772
1.01177
1.00581
0.999859
0.993905
0.987951
0.981996
0.976042
0.970088
0.964134
0.958179
0.952225
0.946271
0.940316
0.934362
0.928408
0.922454
0.916499
0.910545
0.904591
0.898637
0.892682
0.886728
0.880774
0.874819
0.868865
0.862911
0.856957
0.851002
0.845048
0.839094
0.833139
0.827185
0.821231
0.815277
0.809322
0.803368
0.797414
0.791459
0.785505
0.779551
0.773597
0.767642
0.761688
0.755734
0.74978
0.743825
0.737871
0.731917
0.725962
0.715947
0.705931
0.695915
0.685899
0.675884
0.665868
0.655852
0.645836
0.63582
0.625805
0.615789
0.605773
0.595757
0.585742
0.575726
0.56571
0.555694
0.545678
0.535663
0.525647
0.515631
0.505615
0.4956
0.485584
0.475568
0.465552
0.455536
0.445521
0.435505
0.425489
0.415473
0.405458
0.395442
0.385426
0.37541
0.365394
0.355379
0.345363
0.335347
0.325331
0.315316
0.3053
0.295284
0.285268
0.275252
0.265237
0.255221
0.245205
0.235189
0.225174
0.215158
0.205142
0.195126
0.18511
0.175095
0.165079
0.155063
0.145047
0.135032
0.125016
0.115
0.104984
0.0949685
0.0849527
0.074937
0.0649212
0.0549054
0.0448896
0.0348738
0.0248581
0.0148423
0.00482652
-0.00518926
-0.015205
-0.0252208
-0.0352366
-0.0452524
-0.0552681
-0.0652839
-0.0752997
-0.0853155
-0.0953312
-0.105347
-0.115363
-0.125379
-0.135394
-0.14541
-0.155426
-0.165442
-0.175457
-0.185473
-0.195489
-0.205505
-0.215521
-0.225536
-0.235552
-0.245568
-0.255584
-0.265599
-0.275615
-0.285631
-0.295647
-0.305663
-0.315678
-0.325694
-0.33571
-0.345726
-0.355741
-0.365757
-0.375773
-0.385789
-0.395805
-0.40582
-0.415836
-0.425852
-0.435868
-0.445883
-0.455899
-0.465915
-0.475931
-0.485947
-0.495962
-0.505978
-0.515994
-0.52601
-0.536025
-0.546041
-0.556057
-0.566073
-0.576089
-0.586104
-0.59612
-0.606136
-0.616152
-0.626167
-0.636183
-0.646199
-0.656215
-0.66623
-0.676246
-0.686262
-0.696278
-0.706294
-0.716309
-0.726325
-0.736341
-0.746357
-0.756372
-0.766388
-0.776404
-0.78642
-0.796436
-0.806451
-0.816467
-0.826483
-0.836499
-0.846514
-0.85653
-0.866546
-0.876562
-0.886578
-0.896593
-0.906609
-0.916625
-0.926641
-0.936656
-0.946672
-0.956688
-0.966704
-0.97672
-0.986735
-0.996751
-1.00677
-1.01678
-1.0268
-1.03681
-1.04683
-1.05685
-1.06686
-1.07688
-1.08689
-1.09691
-1.10692
-1.11694
-1.12696
-1.13697
-1.14699
-1.157
-1.16702
-1.17704
-1.18705
-1.19707
-1.20708
-1.2171
-1.22711
-1.23713
-1.24715
-1.25716
-1.26718
-1.27719
-1.28721
-1.29722
-1.30724
-1.31726
-1.32727
-1.33729
-1.3473
-1.35732
-1.36733
-1.37735
-1.38737
-1.39738
-1.4074
-1.41741
-1.42743
-1.43745
-1.44746
-1.45748
-1.46749
-1.47751
-1.48752
-1.49754
-1.50756
-1.51757
-1.52759
-1.5376
-1.54762
-1.55763
-1.56765
-1.57767
-1.58768
-1.5977
-1.60771
-1.61773
-1.62775
-1.63776
-1.64778
-1.65779
-1.66781
-1.67782
-1.68784
-1.69786
-1.70787
-1.71789
-1.7279
-1.73792
-1.74793
-1.75795
-1.76797
-1.77798
-1.788
-1.79801
-1.80803
-1.81804
-1.82806
-1.83808
-1.84809
-1.85811
-1.86812
-1.87814
-1.88816
-1.89817
-1.90819
-1.9182
-1.92822
-1.92492
-1.92161
-1.91831
-1.91501
-1.91171
-1.90841
-1.9051
-1.9018
-1.8985
-1.8952
-1.89189
-1.88859
-1.88529
-1.88199
-1.87869
-1.87538
-1.87208
-1.86878
-1.86548
-1.86218
-1.85887
-1.85557
-1.85227
-1.84897
-1.84566
-1.84236
-1.83906
-1.83576
-1.83246
-1.82915
-1.82585
-1.82255
-1.81925
-1.81594
-1.81264
-1.80934
-1.80604
-1.80274
-1.79943
-1.79613
-1.79283
-1.78953
-1.78623
-1.78292
-1.77962
-1.77632
-1.77302
-1.76971
-1.76641
-1.76311
-1.75981
-1.75651
-1.7532
-1.7499
-1.7466
-1.7433
-1.73999
-1.73669
-1.73339
-1.73009
-1.72679
-1.72348
-1.72018
-1.71688
-1.71358
-1.71028
-1.70697
-1.70367
-1.70037
-1.69707
-1.69376
-1.69046
-1.68716
-1.68386
-1.68056
-1.67725
-1.67395
-1.67065
-1.66735
-1.66405
-1.66074
-1.65744
-1.65414
-1.65084
-1.64753
-1.64423
-1.64093
-1.63763
-1.63433
-1.63102
-1.62772
-1.62442
-1.62112
-1.61781
-1.61451
-1.61121
-1.60791
-1.60461
-1.6013
-1.598
-1.5947
-1.5914
-1.5881
-1.58479
-1.58149
-1.57819
-1.57489
-1.57158
-1.56828
-1.56498
-1.56168
-1.55838
-1.55507
-1.55177
-1.54847
-1.54517
-1.54186
-1.53856
-1.53526
-1.53196
-1.52866
-1.52535
-1.52205
-1.51875
-1.51545
-1.51215
-1.50884
-1.50554
-1.50224
-1.49894
-1.49563
-1.49233
-1.48903
-1.48573
-1.48243
-1.47912
-1.47582
-1.47252
-1.46922
-1.46592
-1.46261
-1.45931
-1.45601
-1.45271
-1.4494
-1.4461
-1.4428
-1.4395
-1.4362
-1.43289
-1.42959
-1.42629
-1.42299
-1.41968
-1.41638
-1.41308
-1.40978
-1.40648
-1.40317
-1.39987
-1.39657
-1.39327
-1.38997
-1.38666
-1.38336
-1.38006
-1.37676
-1.37345
-1.37015
-1.36685
-1.36355
-1.36025
-1.35694
-1.35364
-1.35034
-1.34704
-1.34374
-1.34043
-1.33713
-1.33383
-1.33053
-1.32722
-1.32392
-1.32062
-1.31732
-1.31402
-1.31071
-1.30741
-1.30411
-1.30081
-1.2975
-1.2942
-1.2909
-1.2876
-1.2843
-1.28099
-1.27769
-1.27439
-1.27109
-1.26779
-1.26448
-1.26118
-1.25788
-1.25458
-1.25127
-1.24797
-1.24467
-1.24137
-1.23807
-1.23476
-1.23146
-1.22816
-1.22486
-1.22155
-1.21825
-1.21495
-1.21165
-1.20835
-1.20504
-1.20174
-1.19844
-1.19514
-1.19184
-1.18853
-1.18523
-1.18193
-1.17863
-1.17532
-1.17202
-1.16872
-1.16542
-1.16212
-1.15881
-1.15551
-1.15221
-1.14891
-1.14561
-1.1423
-1.139
-1.1357
-1.12323
-1.11077
-1.0983
-1.08584
-1.07337
-1.06091
-1.04844
-1.03598
-1.02352
-1.01105
-0.998586
-0.986121
-0.973656
-0.961191
-0.948726
-0.936262
-0.923797
-0.911332
-0.898867
-0.886402
-0.873937
-0.861473
-0.849008
-0.836543
-0.824078
-0.811613
-0.799149
-0.786684
-0.774219
-0.761754
-0.749289
-0.736824
-0.72436
-0.711895
-0.69943
-0.686965
-0.6745
-0.662036
-0.649571
-0.637106
-0.624641
-0.612176
-0.599711
-0.587247
-0.574782
-0.562317
-0.549852
-0.537387
-0.524923
-0.512458
-0.499993
-0.487528
-0.475063
-0.462598
-0.450134
-0.437669
-0.425204
-0.412739
-0.400274
-0.38781
-0.375345
-0.36288
-0.350415
-0.33795
-0.325485
-0.313021
-0.300556
-0.288091
-0.275626
-0.263161
-0.250697
-0.238232
-0.225767
-0.213302
-0.200837
-0.188372
-0.175908
-0.163443
-0.150978
-0.138513
-0.126048
-0.113584
-0.101119
-0.0886539
-0.0761891
-0.0637243
-0.0512595
-0.0387947
-0.0263298
-0.013865
-0.00140021
0.0110646
0.0235294
0.0359942
0.0484591
0.0609239
0.0733887
0.0858535
0.0983183
0.110783
0.123248
0.135713
0.148178
0.160642
0.173107
0.185572
0.198037
0.210502
0.222967
0.224859
0.226752
0.228644
0.230537
0.23243
0.234322
0.236215
0.238108
0.24
0.241893
0.243786
0.245678
0.247571
0.249464
0.251356
0.253249
0.255142
0.257034
0.258927
0.260819
0.262712
0.264605
0.266497
0.26839
0.270283
0.272175
0.274068
0.275961
0.277853
0.279746
0.281639
0.283531
0.285424
0.287317
0.289209
0.291102
0.292994
0.294887
0.29678
0.298672
0.300565
0.302458
0.30435
0.306243
0.308136
0.310028
0.311921
0.313814
0.315706
0.317599
0.319491
0.321384
0.323277
0.325169
0.327062
0.328955
0.330847
0.33274
0.334633
0.336525
0.338418
0.340311
0.342203
0.344096
0.345989
0.347881
0.349774
0.351666
0.353559
0.355452
0.357344
0.359237
0.36113
0.363022
0.364915
0.366808
0.3687
0.370593
0.372486
0.374378
0.376271
0.378164
0.380056
0.381949
0.383841
0.385734
0.387627
0.389519
0.391412
0.393305
0.395197
0.39709
0.398983
0.400875
0.402768
0.404661
0.406553
0.408446
0.410339
0.412231
0.414124
0.416016
0.417909
0.419802
0.421694
0.423587
0.42548
0.427372
0.429265
0.431158
0.43305
0.434943
0.436836
0.438728
0.440621
0.442514
0.444406
0.446299
0.448191
0.450084
0.451977
0.453869
0.455762
0.457655
0.459547
0.46144
0.463333
0.465225
0.467118
0.469011
0.470903
0.472796
0.474689
0.476581
0.478474
0.480366
0.482259
0.484152
0.486044
0.487937
0.48983
0.491722
0.493615
0.495508
0.4974
0.499293
0.501186
0.503078
0.504971
0.506864
0.508756
0.510649
0.512541
0.514434
0.516327
0.518219
0.520112
0.522005
0.523897
0.52579
0.527683
0.529575
0.531468
0.533361
0.535253
0.537146
0.539039
0.540931
0.542824
0.544716
0.546609
0.548502
0.550394
0.552287
0.55418
0.556072
0.557965
0.559858
0.56175
0.563643
0.565536
0.567428
0.569321
0.571214
0.573106
0.574999
0.576891
0.578784
0.580677
0.582569
0.584462
0.586355
0.588247
0.59014
0.592033
0.593925
0.595818
0.597711
0.599603
0.601496
0.603389
0.605281
0.607174
0.609066
0.610959
0.612852
0.614744
0.616637
0.61853
0.620422
0.622315
0.624208
0.6261
0.627993
0.629886
0.631778
0.633671
0.635564
0.637456
0.639349
0.641241
0.643134
0.645027
0.646919
0.648812
0.650705
0.652597
0.65449
0.656383
0.658275
0.660168
0.662061
0.663953
0.665846
0.667739
0.669631
0.671524
0.673416
0.675309
0.677202
0.679094
0.680987
0.68288
0.684772
0.686665
0.688558
0.69045
0.692343
0.694236
0.696128
0.698021
0.699914
0.701806
0.703699
0.705591
0.707484
0.709377
0.711269
0.713162
0.715055
0.716947
0.71884
0.720733
0.722625
0.724518
0.726411
0.728303
0.730196
0.732089
0.733981
0.735874
0.737766
0.739659
0.741552
0.743444
0.745337
0.74723
0.749122
0.751015
0.752908
0.7548
0.756693
0.758586
0.760478
0.762371
0.764264
0.766156
0.768049
0.769941
0.771834
0.773727
0.775619
0.777512
0.779405
0.781297
0.78319
0.785083
0.786975
0.788868
0.790761
0.792653
0.794546
0.796439
0.798331
0.800224
0.802116
0.804009
0.805902
0.807794
0.809687
0.81158
0.813472
0.815365
0.817258
0.81915
0.821043
0.822936
0.824828
0.826721
0.828614
0.830506
0.832399
0.834291
0.836184
0.838077
0.839969
0.841862
0.843755
0.845647
0.84754
0.849433
0.851325
0.853218
0.855111
0.857003
0.858896
0.860788
0.862681
0.864574
0.866466
0.868359
0.870252
0.872144
0.874037
0.87593
0.877822
0.879715
0.881608
0.8835
0.885393
0.887286
0.889178
0.891071
0.892963
0.894856
0.896749
0.899716
0.902683
0.905651
0.908618
0.911585
0.914552
0.917519
0.920487
0.923454
0.926421
0.929388
0.932356
0.935323
0.93829
0.941257
0.944225
0.947192
0.950159
0.953126
0.956094
0.959061
0.962028
0.964995
0.967963
0.97093
0.973897
0.976864
0.979832
0.982799
0.985766
0.988733
0.991701
0.994668
0.997635
1.0006
1.00357
1.00654
1.0095
1.01247
1.01544
1.01841
1.02137
1.02434
1.02731
1.03027
1.03324
1.03621
1.03918
1.04214
1.04511
1.04808
1.05105
1.05401
1.05698
1.05995
1.06291
1.06588
1.06885
1.07182
1.07478
1.07775
1.08072
1.08369
1.08665
1.08962
1.09259
1.09555
1.09852
1.10149
1.10446
1.10742
1.11039
1.11336
1.11632
1.11929
1.12226
1.12523
1.12819
1.13116
1.13413
1.1371
1.14006
1.14303
1.146
1.14896
1.15193
1.1549
1.15787
1.16083
1.1638
1.16677
1.16974
1.1727
1.17567
1.17864
1.1816
1.18457
1.18754
1.19051
1.19347
1.19644
1.19941
1.20237
1.20534
1.20831
1.21128
1.21424
1.21721
1.22018
1.22315
1.22611
1.22908
1.23205
1.23501
1.23798
1.24095
1.24392
1.24688
1.24985
1.25282
1.25579
1.25875
1.26172
1.26469
1.26765
1.27062
1.27359
1.27656
1.27952
1.28249
1.28546
1.28843
1.29139
1.29436
1.29733
1.30029
1.30326
1.30623
1.3092
1.31216
1.31513
1.3181
1.32106
1.32403
1.327
1.32997
1.33293
1.3359
1.33887
1.34184
1.3448
1.34777
1.35074
1.3537
1.35667
1.35964
1.36261
1.36557
1.36854
1.37151
1.37448
1.37744
1.38041
1.38338
1.38634
1.38931
1.39228
1.39525
1.39821
1.40118
1.40415
1.40711
1.41008
1.41305
1.41602
1.41898
1.42195
1.42492
1.42789
1.43085
1.43382
1.43679
1.43975
1.44272
1.44569
1.44866
1.45162
1.45459
1.45756
1.46053
1.46349
1.46646
1.46943
1.47239
1.47536
1.47833
1.4813
1.48426
1.48723
1.4902
1.49316
1.49613
1.4991
1.50207
1.50503
1.508
1.51097
1.51394
1.5169
1.51987
1.52284
1.5258
1.52877
1.53174
1.53471
1.53767
1.54064
1.54361
1.54658
1.54954
1.55251
1.55548
1.55844
1.56241
1.56638
1.57035
1.57432
1.57829
1.58226
1.58623
1.5902
1.59417
1.59814
1.60211
1.60608
1.61005
1.61402
1.61799
1.62196
1.62593
1.62989
1.63386
1.63783
1.6418
1.64577
1.64974
1.65371
1.65768
1.66165
1.66562
1.66959
1.67356
1.67753
1.6815
1.68547
1.68944
1.69341
1.69738
1.70135
1.70532
1.70928
1.71325
1.71722
1.72119
1.72516
1.72913
1.7331
1.73707
1.74104
1.74501
1.74898
1.75295
1.75692
1.76089
1.76486
1.76883
1.7728
1.77677
1.78074
1.7847
1.78867
1.79264
1.79661
1.80058
1.80455
1.80852
1.81249
1.81646
1.82043
1.8244
1.82837
1.83234
1.83631
1.84028
1.84425
1.84822
1.85219
1.85616
1.86012
1.86409
1.86806
1.87203
1.876
1.87997
1.88394
1.88791
1.89188
1.89585
1.89982
1.90379
1.90776
1.91173
1.9157
1.91967
1.92364
1.92761
1.93158
1.93554
1.93951
1.94348
1.94745
1.95142
1.95539
1.95936
1.96333
1.9673
1.97127
1.97524
1.97921
1.98318
1.98715
1.99112
1.99509
1.99906
2.00303
2.007
2.01097
2.01493
2.0189
2.02287
2.02684
2.03081
2.03478
2.03875
2.04272
2.04669
2.05066
2.05463
2.0586
2.06257
2.06654
2.07051
2.07448
2.07845
2.08242
2.08639
2.09035
2.09432
2.09829
2.10226
2.10623
2.1102
2.11417
2.11814
2.12211
2.12608
2.13005
2.13402
2.13799
2.14196
2.14593
2.1499
2.15387
2.15784
2.16181
2.16577
2.16974
2.17371
2.17768
2.18165
2.18562
2.18959
2.19356
2.19753
2.2015
2.20547
2.20944
2.21341
2.21738
2.22135
2.22532
2.22929
2.23326
2.23723
2.24119
2.24516
2.24913
2.2531
2.25707
2.26104
2.26501
2.26898
2.27295
2.27692
2.28089
2.28486
2.28883
2.2928
2.29677
2.30074
2.30471
2.30868
2.31265
2.31661
2.32058
2.32455
2.32852
2.33249
2.33646
2.34043
2.3444
2.34837
2.35234
2.35631
2.36028
2.36425
2.36822
2.37219
2.37616
2.38013
2.3841
2.38807
2.39204
2.396
2.39997
2.40394
2.40791
2.41188
2.41585
2.41982
2.42379
2.42776
2.43173
2.4357
2.43967
2.44364
2.44761
2.45158
2.45555
2.45952
2.46349
2.46746
2.47142
2.47539
2.47936
2.48333
2.4873
2.49127
2.49524
2.49921
2.50318
2.50715
2.51112
2.51509
2.51906
2.52303
2.527
2.53097
2.53494
2.53891
2.54288
2.54684
2.55081
2.55478
2.55875
2.56272
2.56669
2.57066
2.57463
2.5786
2.58257
2.58654
2.59051
2.59448
2.59845
2.60242
2.60639
2.61036
2.61433
2.6183
2.62226
2.62623
2.6302
2.63417
2.63814
2.64211
2.64608
2.65005
2.65402
2.65799
2.66196
2.66593
2.6699
2.67387
2.67784
2.68181
2.68578
2.68975
2.69372
2.69768
2.70165
2.70562
2.70959
2.71356
2.71753
2.7215
2.72547
2.72944
2.73341
2.73738
2.74135
2.74532
2.74929
2.75326
2.75723
2.7612
2.76517
2.76914
2.77311
2.77707
2.78104
2.78501
2.78898
2.79295
2.79692
2.80089
2.80486
2.80883
2.8128
2.81677
2.82074
2.82471
2.82868
2.83265
2.83662
2.84059
2.84456
2.84853
2.85249
2.85646
2.86043
2.8644
2.86837
2.87234
2.87631
2.88028
2.88425
2.88822
2.89219
2.89616
2.90013
2.9041
2.90807
2.91204
2.91601
2.91998
2.92395
2.92791
2.93188
2.93585
2.93982
2.94379
2.94776
2.95173
2.9557
2.95967
2.96364
2.96761
2.97158
2.97555
2.97952
2.98349
2.98746
2.99143
2.9954
2.99937
3.00333
3.0073
3.01127
3.01524
3.01921
3.02318
3.02715
3.03112
3.03509
3.03906
3.04303
3.047
3.05097
3.05494
3.05891
3.06288
3.06685
3.07082
3.07479
3.07875
3.08272
3.08669
3.09066
3.09463
3.0986
3.10257
3.10654
3.11051
3.11448
3.11845
3.12242
3.12639
3.13036
3.13433
3.1383
3.14227
3.14624
3.15021
3.15123
3.15225
3.15326
3.15428
3.1553
3.15632
3.15734
3.15836
3.15938
3.1604
3.16142
3.16244
3.16346
3.16448
3.1655
3.16652
3.16754
3.16856
3.16958
3.1706
3.17162
3.17264
3.17366
3.17468
3.1757
3.17672
3.17774
3.17876
3.17978
3.1808
3.18182
3.18284
3.18386
3.18488
3.1859
3.18692
3.18794
3.18896
3.18998
3.191
3.19202
3.19304
3.19406
3.19508
3.1961
3.19711
3.19813
3.19915
3.20017
3.20119
3.20221
3.20323
3.20425
3.20527
3.20629
3.20731
3.20833
3.20935
3.21037
3.21139
3.21241
3.21343
3.21445
3.21547
3.21649
3.21751
3.21853
3.21955
3.22057
3.22159
3.22261
3.22363
3.22465
3.22567
3.22669
3.22771
3.22873
3.22975
3.23077
3.23179
3.23281
3.23383
3.23485
3.23587
3.23689
3.23791
3.23893
3.23994
3.24096
3.24198
3.243
3.24402
3.24504
3.24606
3.24708
3.2481
3.24912
3.25014
3.25116
3.25218
3.2532
3.25422
3.25524
3.25626
3.25728
3.2583
3.25932
3.26034
3.26136
3.26238
3.2634
3.26442
3.26544
3.26646
3.26748
3.2685
3.26952
3.27054
3.27156
3.27258
3.2736
3.27462
3.27564
3.27666
3.27768
3.2787
3.27972
3.28074
3.28176
3.28278
3.28379
3.28481
3.28583
3.28685
3.28787
3.28889
3.28991
3.29093
3.29195
3.29297
3.29399
3.29501
3.29603
3.29705
3.29807
3.29909
3.30011
3.30113
3.30215
3.30317
3.30419
3.30521
3.30623
3.30725
3.30827
3.30929
3.31031
3.31133
3.31235
3.31337
3.31439
3.31541
3.31643
3.31745
3.31847
3.31949
3.32051
3.32153
3.32255
3.32357
3.32459
3.32561
3.32662
3.32764
3.32866
3.32968
3.3307
3.33172
3.33274
3.33376
3.33478
3.3358
3.33682
3.33784
3.33886
3.33988
3.3409
3.34192
3.34294
3.34396
3.34498
3.346
3.34702
3.34804
3.34906
3.35008
3.3511
3.35212
3.35314
3.35416
3.35518
3.3562
3.35722
3.35824
3.35926
3.36028
3.3613
3.36232
3.36334
3.36436
3.36538
3.3664
3.36742
3.36844
3.36946
3.37047
3.37149
3.37251
3.37353
3.37455
3.37557
3.37659
3.37761
3.37863
3.37965
3.38067
3.38169
3.38271
3.38373
3.38475
3.38577
3.38679
3.38781
3.38883
3.38985
3.39087
3.39189
3.39291
3.39393
3.39495
3.39597
3.39699
3.39801
3.39903
3.40005
3.40107
3.40209
3.40311
3.40413
3.40515
3.40617
3.40719
3.40821
3.40923
3.41025
3.41127
3.41229
3.41331
3.41432
3.41534
3.41636
3.41738
3.4184
3.41942
3.42044
3.42146
3.42248
3.4235
3.42452
3.42554
3.42656
3.42758
3.4286
3.42962
3.43064
3.43166
3.43268
3.4337
3.43472
3.43574
3.43676
3.43778
3.4388
3.43982
3.44084
3.44186
3.44288
3.4439
3.44492
3.44594
3.44696
3.44798
3.449
3.45002
3.45104
3.45206
3.45308
3.4541
3.45512
3.45614
3.45715
3.45817
3.45919
3.46021
3.46123
3.46225
3.46327
3.46429
3.46531
3.46633
3.46735
3.46837
3.46939
3.47041
3.47143
3.47245
3.47347
3.47449
3.47551
3.47653
3.47755
3.47857
3.47959
3.48061
3.48163
3.48265
3.48367
3.48469
3.48571
3.48673
3.48775
3.48877
3.48979
3.49081
3.49183
3.49285
3.49387
3.49489
3.49591
3.49693
3.49795
3.49897
3.49999
3.501
3.50202
3.50304
3.50406
3.50508
3.5061
3.50712
3.50814
3.50916
3.51018
3.5112
3.51222
3.51324
3.51426
3.51528
3.5163
3.51732
3.51834
3.51936
3.52038
3.5214
3.52242
3.52344
3.52446
3.52548
3.5265
3.52752
3.52854
3.52956
3.53058
3.5316
3.53262
3.53364
3.53466
3.53568
3.5367
3.53772
3.53874
3.53976
3.54078
3.5418
3.54282
3.54383
3.54485
3.54587
3.54689
3.54791
3.54893
3.54995
3.55097
3.55199
3.55301
3.55403
3.55505
3.55607
3.55709
3.55811
3.55913
3.56015
3.56117
3.56219
3.56321
3.56423
3.56525
3.56627
3.56729
3.56831
3.56933
3.57035
3.57137
3.57239
3.57341
3.57443
3.57545
3.57647
3.57749
3.57851
3.57953
3.58055
3.58157
3.58259
3.58361
3.58463
3.58565
3.58667
3.58768
3.5887
3.58972
3.59074
3.59176
3.59278
3.5938
3.59482
3.59584
3.59686
3.59788
3.5989
3.59992
3.60094
3.60196
3.60298
3.604
3.60502
3.60604
3.60706
3.60808
3.6091
3.61012
3.61114
3.61216
3.61318
3.6142
3.61522
3.61624
3.61726
3.61828
3.6193
3.62032
3.62134
3.62236
3.62338
3.6244
3.62542
3.62644
3.62746
3.62848
3.6295
3.63051
3.63153
3.63255
3.63357
3.63459
3.63561
3.63663
3.63765
3.63867
3.63969
3.64071
3.64173
3.64275
3.64377
3.64479
3.64581
3.64683
3.64785
3.64887
3.64989
3.65091
3.65193
3.6461
3.64026
3.63443
3.6286
3.62276
3.61693
3.6111
3.60526
3.59943
3.5936
3.58776
3.58193
3.5761
3.57026
3.56443
3.5586
3.55276
3.54693
3.54109
3.53526
3.52943
3.52359
3.51776
3.51193
3.50609
3.50026
3.49443
3.48859
3.48276
3.47693
3.47109
3.46526
3.45943
3.45359
3.44776
3.44193
3.43609
3.43026
3.42443
3.41859
3.41276
3.40693
3.40109
3.39526
3.38943
3.38359
3.37776
3.37192
3.36609
3.36026
3.35442
3.34859
3.34276
3.33692
3.33109
3.32526
3.31942
3.31359
3.30776
3.30192
3.29609
3.29026
3.28442
3.27859
3.27276
3.26692
3.26109
3.25526
3.24942
3.24359
3.23776
3.23192
3.22609
3.22026
3.21442
3.20859
3.20276
3.19692
3.19109
3.18525
3.17942
3.17359
3.16775
3.16192
3.15609
3.15025
3.14442
3.13859
3.13275
3.12692
3.12109
3.11525
3.10942
3.10359
3.09775
3.09192
3.08609
3.08025
3.07442
3.06859
3.06275
3.05692
3.05109
3.04525
3.03942
3.03359
3.02775
3.02192
3.01609
3.01025
3.00442
2.99858
2.99275
2.98692
2.98108
2.97525
2.96942
2.96358
2.95775
2.95192
2.94608
2.94025
2.93442
2.92858
2.92275
2.91692
2.91108
2.90525
2.89942
2.89358
2.88775
2.88192
2.87608
2.87025
2.86442
2.85858
2.85275
2.84692
2.84108
2.83525
2.82942
2.82358
2.81775
2.81191
2.80608
2.80025
2.79441
2.78858
2.78275
2.77691
2.77108
2.76525
2.75941
2.75358
2.74775
2.74191
2.73608
2.73025
2.72441
2.71858
2.71275
2.70691
2.70108
2.69525
2.68941
2.68358
2.67775
2.67191
2.66608
2.66025
2.65441
2.64858
2.64275
2.63691
2.63108
2.62524
2.61941
2.61358
2.60774
2.60191
2.59608
2.59024
2.58441
2.57858
2.57274
2.56691
2.56108
2.55524
2.54941
2.54358
2.53774
2.53191
2.52608
2.52024
2.51441
2.50858
2.50274
2.49691
2.49108
2.48524
2.47941
2.47358
2.46774
2.46191
2.45608
2.45024
2.44441
2.43857
2.43274
2.42691
2.42107
2.41524
2.40941
2.40357
2.39774
2.39191
2.38607
2.38024
2.37441
2.36857
2.36274
2.35691
2.35107
2.34524
2.33941
2.33357
2.32774
2.32191
2.31607
2.31024
2.30441
2.29857
2.29274
2.28691
2.28107
2.27524
2.26941
2.26357
2.25774
2.2519
2.24607
2.24024
2.2344
2.22857
2.22274
2.2169
2.21107
2.20524
2.1994
2.19357
2.18774
2.1819
2.17607
2.17024
2.1644
2.15857
2.15274
2.1469
2.14107
2.13524
2.1294
2.12357
2.11774
2.1119
2.10607
2.10024
2.0944
2.08857
2.08274
2.0769
2.07107
2.06523
2.0594
2.05357
2.04773
2.0419
2.03607
2.03023
2.0244
2.01857
2.01273
2.0069
2.00107
1.99523
1.9894
1.98357
1.97773
1.9719
1.96607
1.96023
1.9544
1.94857
1.94273
1.9369
1.93107
1.92523
1.9194
1.91357
1.90773
1.9019
1.89607
1.89023
1.8844
1.87856
1.87273
1.8669
1.86106
1.85523
1.8494
1.84356
1.83773
1.8319
1.82606
1.82023
1.8144
1.80856
1.80273
1.7969
1.79106
1.78523
1.7794
1.77356
1.76773
1.7619
1.75606
1.75023
1.7444
1.73856
1.73273
1.7269
1.72106
1.71523
1.70939
1.70356
1.69773
1.69189
1.68606
1.68023
1.67439
1.66856
1.66273
1.65689
1.65106
1.64523
1.63939
1.63356
1.62773
1.62189
1.61606
1.61023
1.60439
1.59856
1.59273
1.58689
1.58106
1.57523
1.56939
1.56356
1.55773
1.55189
1.54606
1.54023
1.53439
1.52856
1.52272
1.51689
1.51106
1.50522
1.49939
1.49356
1.48772
1.48189
1.47606
1.47022
1.46439
1.45856
1.45272
1.44689
1.44106
1.43522
1.42939
1.42356
1.41772
1.41189
1.40606
1.40022
1.39439
1.38856
1.38272
1.37689
1.37106
1.36522
1.35939
1.35356
1.34772
1.34189
1.33605
1.33022
1.32439
1.31855
1.31272
1.30689
1.30105
1.29522
1.28939
1.28355
1.27772
1.27189
1.26605
1.26022
1.25439
1.24855
1.24272
1.23689
1.23105
1.22522
1.21939
1.21355
1.20772
1.20189
1.19605
1.19022
1.18439
1.17855
1.17272
1.16689
1.16105
1.15522
1.14938
1.14355
1.13772
1.13188
1.12605
1.12022
1.11438
1.10855
1.10272
1.09688
1.09105
1.08522
1.07938
1.07355
1.06772
1.06188
1.05605
1.05022
1.04438
1.03855
1.03272
1.02688
1.02105
1.01522
1.00938
1.00355
0.997715
0.991882
0.986049
0.980215
0.974382
0.968548
0.962715
0.956881
0.951048
0.945215
0.939381
0.933548
0.927714
0.921881
0.916047
0.910214
0.90438
0.898547
0.892714
0.88688
0.881047
0.875213
0.86938
0.863546
0.857713
0.85188
0.846046
0.840213
0.834379
0.828546
0.822712
0.816879
0.811045
0.805212
0.799379
0.793545
0.794894
0.796243
0.797592
0.798941
0.80029
0.801639
0.802988
0.804337
0.805686
0.807035
0.808384
0.809733
0.811082
0.812431
0.81378
0.815129
0.816478
0.817827
0.819176
0.820525
0.821874
0.823223
0.824572
0.82592
0.827269
0.828618
0.829967
0.831316
0.832665
0.834014
0.835363
0.836712
0.838061
0.83941
0.840759
0.842108
0.843457
0.844806
0.846155
0.847504
0.848853
0.850202
0.851551
0.8529
0.854249
0.855598
0.856947
0.858296
0.859645
0.860994
0.862343
0.863692
0.865041
0.86639
0.867739
0.869088
0.870437
0.871786
0.873135
0.874484
0.875833
0.877182
0.87853
0.879879
0.881228
0.882577
0.883926
0.885275
0.886624
0.887973
0.889322
0.890671
0.89202
0.893369
0.894718
0.896067
0.897416
0.898765
0.900114
0.901463
0.902812
0.904161
0.90551
0.906859
0.908208
0.909557
0.910906
0.912255
0.913604
0.914953
0.916302
0.917651
0.919
0.920349
0.921698
0.923047
0.924396
0.925745
0.927094
0.928443
0.929791
0.93114
0.932489
0.933838
0.935187
0.936536
0.937885
0.939234
0.940583
0.941932
0.943281
0.94463
0.945979
0.947328
0.948677
0.950026
0.951375
0.952724
0.954073
0.955422
0.956771
0.95812
0.959469
0.960818
0.962167
0.963516
0.964865
0.966214
0.967563
0.968912
0.970261
0.97161
0.972959
0.974308
0.975657
0.977006
0.978355
0.979704
0.981053
0.982401
0.98375
0.985099
0.986448
0.987797
0.989146
0.990495
0.991844
0.993193
0.994542
0.995891
0.99724
0.998589
0.999938
1.00129
1.00264
1.00399
1.00533
1.00668
1.00803
1.00938
1.01073
1.01208
1.01343
1.01478
1.01613
1.01747
1.01882
1.02017
1.02152
1.02287
1.02422
1.02557
1.02692
1.02827
1.02962
1.03096
1.03231
1.03366
1.03501
1.03636
1.03771
1.03906
1.04041
1.04176
1.04311
1.04445
1.0458
1.04715
1.0485
1.04985
1.0512
1.05255
1.0539
1.05525
1.0566
1.05794
1.05929
1.06064
1.06199
1.06334
1.06469
1.06604
1.06739
1.06874
1.07008
1.07143
1.07278
1.07413
1.07548
1.07683
1.07818
1.07953
1.08088
1.08223
1.08357
1.08492
1.08627
1.08762
1.08897
1.09032
1.09167
1.09302
1.09437
1.09572
1.09706
1.09841
1.09976
1.10111
1.10246
1.10381
1.10516
1.10651
1.10786
1.10921
1.11055
1.1119
1.11325
1.1146
1.11595
1.1173
1.11865
1.12
1.12135
1.12269
1.12404
1.12539
1.12674
1.12809
1.12944
1.13079
1.13214
1.13349
1.13484
1.13618
1.13753
1.13888
1.14023
1.14158
1.14293
1.14428
1.14563
1.14698
1.14833
1.14967
1.15102
1.15237
1.15372
1.15507
1.15642
1.15777
1.15912
1.16047
1.16182
1.16316
1.16451
1.16586
1.16721
1.16856
1.16991
1.17126
1.17261
1.17396
1.1753
1.17665
1.178
1.17935
1.1807
1.18205
1.1834
1.18475
1.1861
1.18745
1.18879
1.19014
1.19149
1.19284
1.19419
1.19554
1.19689
1.19824
1.19959
1.20094
1.20228
1.20363
1.20498
1.20633
1.20768
1.20903
1.21038
1.21173
1.21308
1.21442
1.21577
1.21712
1.21847
1.21982
1.22117
1.22252
1.22387
1.22522
1.22657
1.22791
1.22926
1.23061
1.23196
1.23331
1.23466
1.23601
1.23736
1.23871
1.24006
1.2414
1.24275
1.2441
1.24545
1.2468
1.24815
1.2495
1.25085
1.2522
1.25355
1.25489
1.25624
1.25759
1.25894
1.26029
1.26164
1.26299
1.26434
1.26569
1.26703
1.26838
1.26973
1.27108
1.27243
1.27378
1.27513
1.27648
1.27783
1.27918
1.28052
1.28187
1.28322
1.28457
1.28592
1.28727
1.28862
1.29208
1.29555
1.29902
1.30248
1.30595
1.30942
1.31288
1.31635
1.31981
1.32328
1.32675
1.33021
1.33368
1.33714
1.34061
1.34408
1.34754
1.35101
1.35447
1.35794
1.36141
1.36487
1.36834
1.37181
1.37527
1.37874
1.3822
1.38567
1.38914
1.3926
1.39607
1.39953
1.403
1.40647
1.40993
1.4134
1.41686
1.42033
1.4238
1.42726
1.43073
1.4342
1.43766
1.44113
1.44459
1.44806
1.45153
1.45499
1.45846
1.46192
1.46539
1.46886
1.47232
1.47579
1.47925
1.48272
1.48619
1.48965
1.49312
1.49659
1.50005
1.50352
1.50698
1.51045
1.51392
1.51738
1.52085
1.52431
1.52778
1.53125
1.53471
1.53818
1.54164
1.54511
1.54858
1.55204
1.55551
1.55898
1.56244
1.56591
1.56937
1.57284
1.57631
1.57977
1.58324
1.5867
1.59017
1.59364
1.5971
1.60057
1.60403
1.6075
1.61097
1.61443
1.6179
1.62137
1.62483
1.6283
1.63176
1.63523
1.6387
1.64216
1.64563
1.64909
1.65256
1.65603
1.65949
1.66296
1.66642
1.66989
1.67336
1.67682
1.68029
1.68375
1.68722
1.69069
1.69415
1.69762
1.70109
1.70455
1.70802
1.71148
1.71495
1.71842
1.72188
1.72535
1.72881
1.73228
1.73575
1.73921
1.74268
1.74614
1.74961
1.75308
1.75654
1.76001
1.76348
1.76694
1.77041
1.77387
1.77734
1.78081
1.78427
1.78774
1.7912
1.79467
1.79814
1.8016
1.80507
1.80853
1.812
1.81547
1.81893
1.8224
1.82587
1.82933
1.8328
1.83626
1.83973
1.8432
1.84666
1.85013
1.85359
1.85706
1.86053
1.86399
1.86746
1.87092
1.87439
1.87786
1.88132
1.88479
1.88826
1.89172
1.89519
1.89865
1.90212
1.90559
1.90905
1.91252
1.91598
1.91945
1.92292
1.92638
1.92985
1.93331
1.93678
1.94025
1.94371
1.94718
1.95065
1.95411
1.95758
1.96104
1.96451
1.96798
1.97144
1.97491
1.97837
1.98184
1.98531
1.98877
1.99224
1.99435
1.99647
1.99858
2.0007
2.00281
2.00493
2.00704
2.00915
2.01127
2.01338
2.0155
2.01761
2.01973
2.02184
2.02396
2.02607
2.02818
2.0303
2.03241
2.03453
2.03664
2.03876
2.04087
2.04299
2.0451
2.04721
2.04933
2.05144
2.05356
2.05567
2.05779
2.0599
2.06202
2.06413
2.06624
2.06836
2.07047
2.07259
2.0747
2.07682
2.07893
2.08105
2.08316
2.08527
2.08739
2.0895
2.09162
2.09373
2.09585
2.09796
2.10008
2.10219
2.1043
2.10642
2.10853
2.11065
2.11276
2.11488
2.11699
2.11911
2.12122
2.12333
2.12545
2.12756
2.12968
2.13179
2.13391
2.13602
2.13814
2.14025
2.14236
2.14448
2.14659
2.14871
2.15082
2.15294
2.15505
2.15717
2.15928
2.16139
2.16351
2.16562
2.16774
2.16985
2.17197
2.17408
2.1762
2.17831
2.18042
2.18254
2.18465
2.18677
2.18888
2.191
2.19311
2.19523
2.19734
2.19945
2.20157
2.20368
2.2058
2.20791
2.21003
2.21214
2.21426
2.21637
2.21848
2.2206
2.22271
2.22483
2.22694
2.22906
2.23117
2.23329
2.2354
2.23751
2.23963
2.24174
2.24386
2.24597
2.24809
2.2502
2.25232
2.25443
2.25654
2.25866
2.26077
2.26289
2.265
2.26712
2.26923
2.27135
2.27346
2.27557
2.27769
2.2798
2.28192
2.28403
2.28615
2.28826
2.29038
2.29249
2.2946
2.29672
2.29883
2.30095
2.30306
2.30518
2.30729
2.30941
2.31152
2.31363
2.31575
2.31786
2.31998
2.32209
2.32421
2.32632
2.32844
2.33055
2.33266
2.33478
2.33689
2.33901
2.34112
2.34324
2.34535
2.34747
2.34958
2.35169
2.35381
2.35592
2.35804
2.36015
2.36227
2.36438
2.3665
2.36861
2.37072
2.37284
2.37495
2.37707
2.37918
2.3813
2.38341
2.38553
2.38764
2.38975
2.39187
2.39398
2.3961
2.39821
2.40033
2.40244
2.40456
2.40667
2.40878
2.4109
2.41301
2.41513
2.41724
2.41936
2.42147
2.42359
2.4257
2.42781
2.42993
2.43204
2.43416
2.43627
2.43839
2.4405
2.44262
2.44473
2.44684
2.44896
2.45107
2.45319
2.4553
2.45956
2.46382
2.46807
2.47233
2.47659
2.48085
2.4851
2.48936
2.49362
2.49788
2.50213
2.50639
2.51065
2.51491
2.51916
2.52342
2.52768
2.53194
2.53619
2.54045
2.54471
2.54897
2.55322
2.55748
2.56174
2.566
2.57025
2.57451
2.57877
2.58303
2.58728
2.59154
2.5958
2.60006
2.60431
2.60857
2.61283
2.61709
2.62134
2.6256
2.62986
2.63412
2.63837
2.64263
2.64689
2.65115
2.6554
2.65966
2.66392
2.66818
2.67243
2.67669
2.68095
2.68521
2.68946
2.69372
2.69798
2.70224
2.70649
2.71075
2.71501
2.71926
2.72352
2.72778
2.73204
2.73629
2.74055
2.74481
2.74907
2.75332
2.75758
2.76184
2.7661
2.77035
2.77461
2.77887
2.78313
2.78738
2.79164
2.7959
2.80016
2.80441
2.80867
2.81293
2.81719
2.82144
2.8257
2.82996
2.83422
2.83847
2.84273
2.84699
2.85125
2.8555
2.85976
2.86402
2.86828
2.87253
2.87679
2.88105
2.88531
2.88956
2.89382
2.89808
2.90234
2.90659
2.91085
2.91511
2.91937
2.92362
2.92788
2.93214
2.9364
2.94065
2.94491
2.94917
2.95343
2.95768
2.96194
2.9662
2.97046
2.97471
2.97897
2.98323
2.98749
2.99174
2.996
3.00026
3.00452
3.00877
3.01303
3.01729
3.02155
3.0258
3.03006
3.03432
3.03858
3.04283
3.04709
3.05135
3.05561
3.05986
3.06412
3.06838
3.07263
3.07689
3.08115
3.08541
3.08966
3.09392
3.09818
3.10244
3.10669
3.11095
3.11521
3.11947
3.12372
3.12798
3.13224
3.1365
3.14075
3.14501
3.14927
3.15353
3.15778
3.16204
3.1663
3.17056
3.17481
3.17907
3.18333
3.18759
3.19184
3.1961
3.20036
3.20462
3.20887
3.21313
3.21739
3.22165
3.2259
3.23016
3.23442
3.23868
3.24293
3.24719
3.25145
3.25571
3.25996
3.26422
3.26848
3.27274
3.27699
3.28125
3.28551
3.28977
3.29402
3.29828
3.30254
3.3068
3.31105
3.31531
3.31957
3.32383
3.32808
3.33234
3.3366
3.34086
3.34511
3.34937
3.35363
3.35789
3.35431
3.35073
3.34715
3.34357
3.34
3.33642
3.33284
3.32926
3.32568
3.32211
3.31853
3.31495
3.31137
3.30779
3.30422
3.30064
3.29706
3.29348
3.2899
3.28633
3.28275
3.27917
3.27559
3.27201
3.26844
3.26486
3.26128
3.2577
3.25412
3.25055
3.24697
3.24339
3.23981
3.23623
3.23266
3.22908
3.2255
3.22192
3.21834
3.21477
3.21119
3.20761
3.20403
3.20045
3.19688
3.1933
3.18972
3.18614
3.18256
3.17899
3.17541
3.17183
3.16825
3.16467
3.1611
3.15752
3.15394
3.15036
3.14678
3.14321
3.13963
3.13605
3.13247
3.12889
3.12532
3.12174
3.11816
3.11458
3.111
3.10743
3.10385
3.10027
3.09669
3.09312
3.08954
3.08596
3.08238
3.0788
3.07523
3.07165
3.06807
3.06449
3.06091
3.05734
3.05376
3.05018
3.0466
3.04302
3.03945
3.03587
3.03229
3.02871
3.02513
3.02156
3.01798
3.0144
3.01082
3.00724
3.00367
3.00009
2.99651
2.99293
2.98935
2.98578
2.9822
2.97862
2.97504
2.97146
2.96789
2.96431
2.96073
2.95715
2.95357
2.95
2.94642
2.94284
2.93926
2.93568
2.93211
2.92853
2.92495
2.92137
2.91779
2.91422
2.91064
2.90706
2.90348
2.8999
2.89633
2.89275
2.88917
2.88559
2.88201
2.87844
2.87486
2.87128
2.8677
2.86412
2.86055
2.85697
2.85339
2.84981
2.84623
2.84266
2.83908
2.8355
2.83192
2.82834
2.82477
2.82119
2.81761
2.81403
2.81045
2.80688
2.8033
2.79972
2.79614
2.79256
2.78899
2.78541
2.78183
2.77825
2.77467
2.7711
2.76752
2.76394
2.76036
2.75678
2.75321
2.74963
2.74605
2.74247
2.7389
2.73532
2.73174
2.72816
2.72458
2.72181
2.71903
2.71626
2.71348
2.7107
2.70793
2.70515
2.70238
2.6996
2.69683
2.69405
2.69127
2.6885
2.68572
2.68295
2.68017
2.67739
2.67462
2.67184
2.66907
2.66629
2.66352
2.66074
2.65796
2.65519
2.65241
2.64964
2.64686
2.64408
2.64131
2.63853
2.63576
2.63298
2.63021
2.62743
2.62465
2.62188
2.6191
2.61633
2.61355
2.61078
2.608
2.60522
2.60245
2.59967
2.5969
2.59412
2.59134
2.58857
2.58579
2.58302
2.58024
2.57747
2.57469
2.57191
2.56914
2.56636
2.56359
2.56081
2.55803
2.55526
2.55248
2.54971
2.54693
2.54416
2.54138
2.5386
2.53583
2.53305
2.53028
2.5275
2.52473
2.52195
2.51917
2.5164
2.51362
2.51085
2.50807
2.50529
2.50252
2.49974
2.49697
2.49419
2.49142
2.48864
2.48586
2.48309
2.48031
2.47754
2.47476
2.47198
2.46921
2.46643
2.46366
2.46088
2.45811
2.45533
2.45255
2.44978
2.447
2.44423
2.44145
2.43868
2.4359
2.43312
2.43035
2.42757
2.4248
2.42202
2.41924
2.41647
2.41369
2.41092
2.40814
2.40537
2.40259
2.39981
2.39704
2.39426
2.39149
2.38871
2.38368
2.37864
2.37361
2.36857
2.36354
2.3585
2.35347
2.34843
2.3434
2.33836
2.33333
2.32829
2.32326
2.31822
2.31319
2.30815
2.30312
2.29808
2.29305
2.28802
2.28298
2.27795
2.27291
2.26788
2.26284
2.25781
2.25277
2.24774
2.2427
2.23767
2.23263
2.2276
2.22256
2.21753
2.21249
2.20746
2.20242
2.19739
2.19236
2.18732
2.18229
2.17725
2.17222
2.16718
2.16215
2.15711
2.15208
2.14704
2.14201
2.13697
2.13194
2.1269
2.12187
2.11683
2.1118
2.10676
2.10173
2.09669
2.09166
2.08663
2.08159
2.07656
2.07152
2.06649
2.06145
2.05642
2.05138
2.04635
2.04131
2.03628
2.03124
2.02621
2.02117
2.01614
2.0111
2.00607
2.00103
1.996
1.99096
1.98593
1.9809
1.97586
1.97083
1.96695
1.96307
1.95918
1.9553
1.95142
1.94754
1.94366
1.93978
1.9359
1.93202
1.92814
1.92426
1.92038
1.9165
1.91262
1.90874
1.90486
1.90098
1.8971
1.89322
1.88934
1.88546
1.88158
1.8777
1.87382
1.86994
1.86606
1.86218
1.8583
1.85442
1.85054
1.84666
1.84278
1.8389
1.83502
1.83113
1.82725
1.82337
1.81949
1.81561
1.81173
1.80785
1.80397
1.80009
1.79621
1.79233
1.78845
1.78457
1.78069
1.77681
1.77293
1.76905
1.76517
1.76129
1.75741
1.75353
1.74965
1.74577
1.74189
1.73801
1.73413
1.73025
1.72637
1.72249
1.71861
1.71473
1.71085
1.70696
1.70308
1.6992
1.69532
1.69144
1.68963
1.68782
1.68601
1.68419
1.68238
1.68057
1.67876
1.67695
1.67513
1.67332
1.67151
1.6697
1.66788
1.66607
1.66426
1.66245
1.66064
1.65882
1.65701
1.6552
1.65339
1.65157
1.64976
1.64795
1.64614
1.64433
1.64251
1.6407
1.63889
1.63708
1.63526
1.63345
1.63164
1.62983
1.62801
1.6262
1.62439
1.62258
1.62077
1.61895
1.61714
1.61533
1.61352
1.6117
1.60989
1.60808
1.60627
1.60446
1.60264
1.60083
1.59902
1.59721
1.59539
1.59358
1.59177
1.58996
1.58815
1.58633
1.58452
1.58271
1.5809
1.57908
1.57727
1.57546
1.57365
1.57183
1.57002
1.56821
1.5664
1.56459
1.56277
1.56096
1.55915
1.55734
1.55552
1.55371
1.5519
1.55009
1.54828
1.54646
1.54465
1.54284
1.54103
1.53921
1.5374
1.53559
1.53378
1.53197
1.53015
1.52834
1.52653
1.52472
1.5229
1.52109
1.51928
1.51747
1.51566
1.51384
1.51203
1.51022
1.50841
1.20152
0.894644
0.587763
0.280881
-0.0259999
